# Nodes in cluster 1
# Motif: triangle
# Network: graph_300_650_80.0
# Number of nodes: 3352

1516
9963
17627
18588
30301
30496
30633
31318
37729
37799
38495
45990
46512
46704
47344
50347
50792
51353
55188
9778
10611
38109
39266
46422
50653
54434
10736
14117
21864
22384
30505
30520
34062
42329
46759
47532
54933
55068
27166
59243
1579
17499
17680
17777
18025
18034
18292
18735
18798
21604
21680
21938
22327
22577
22581
22642
22643
22702
22835
22889
23027
25776
26483
26546
26740
27125
29613
30247
30352
30385
30502
30504
30506
30567
30641
30697
30769
30770
30828
30834
30957
30958
31091
31259
31283
31342
34614
34740
34800
34804
34866
34868
34932
34999
37858
38897
39001
39265
39777
43222
43425
46246
46380
46507
47464
47535
51043
51107
51543
51623
51752
55011
55200
55597
55656
55715
59170
59756
59816
14259
50395
21789
10591
19167
22134
22198
23138
25907
26741
35317
38297
51159
55252
59298
1633
6313
29478
29861
35349
46359
46998
59625
1634
6257
10416
17616
17969
23086
30437
34518
42207
14707
51306
54812
10350
13930
34420
34847
47211
51422
34675
34910
38696
42920
51029
51283
55334
1767
13934
18479
21805
26858
29995
38568
42978
47580
50901
51368
54692
55204
55336
58726
58794
6186
13583
50587
54958
18212
22877
25757
34267
39092
43219
51756
55086
59367
14377
1833
10732
18595
26477
26542
35250
37804
37921
39337
41826
43550
43740
43744
43811
43812
50213
51806
55073
58787
59615
6701
9903
9645
30199
33837
54562
50466
14313
18465
18543
22623
26162
26284
26788
26847
29721
30316
30380
30890
31007
31071
31086
33827
34415
34421
35088
38709
39251
41888
42140
43876
46299
46426
47148
51117
54504
55531
58796
59301
59302
9648
31072
58730
14895
51230
38893
42459
46640
51744
42009
47072
54950
55342
55975
59175
38946
19050
22806
43305
55524
22703
25835
30124
39153
42156
50520
51240
54629
50392
9780
9973
10292
10484
18909
34720
39467
43293
51439
9842
17435
18738
18802
23087
26035
30767
34227
34660
42857
42859
42994
50607
51754
55141
27249
29909
33955
14322
29977
30676
31064
42073
38679
46958
9770
38239
46489
50453
21797
38948
39273
39399
13657
21738
22320
29934
30819
33961
34219
43023
43123
47207
47772
50150
54999
55533
5483
9708
17712
18098
18797
18860
18861
22324
22502
22644
25970
26484
26485
26547
26611
26736
26737
26742
26743
26800
26806
30319
30446
30512
30703
30704
34803
39127
39331
39397
39527
39594
39654
39655
46311
51558
54932
55512
55842
55915
59688
13744
18411
33750
34525
37983
42734
27236
39074
46307
5486
10027
18471
21742
23091
25818
30749
33812
34906
34924
39062
41831
43438
46438
47281
50277
50601
50727
51497
51560
51745
10340
47019
22114
23067
5489
22180
33888
35029
42467
42576
43292
47264
5936
21867
22760
29744
30060
31159
35175
38065
38241
5548
14765
17628
38925
42092
47382
50148
14307
25516
29848
39648
54630
17699
26778
34164
5610
10409
17372
17893
18652
19036
21787
21984
25768
26014
34584
35227
50965
14258
5612
17776
22065
22126
22130
22133
22193
22260
22646
26612
34468
38704
39474
50522
34707
46608
14570
14943
34834
5616
9844
10472
17626
18674
25775
26090
26220
26283
30941
33640
34355
34460
34465
34476
34478
34541
35249
35314
38555
42319
43279
43344
47397
51358
51626
35558
38511
39390
47709
31212
37805
42222
46835
9649
25640
35244
37981
38937
42322
59879
18082
18405
18718
39783
59179
18278
47465
59363
18533
13403
22758
14197
26146
31278
33638
34094
34402
34596
35054
35692
38244
38306
38960
39024
42774
46053
46425
47249
55329
59623
5681
13537
14892
22191
22452
22582
22624
22640
22701
22706
22766
22769
22771
22831
22832
26613
30260
30261
30514
30515
30578
30706
30771
30772
30773
30835
30959
31073
46962
47653
51246
51879
51944
55845
22296
26672
43821
21537
5741
14124
22326
34357
38370
38387
42778
43810
50215
54759
14644
22387
30570
31220
31520
38735
39005
39118
46060
46121
47907
47908
55655
5743
9897
17831
17896
22762
27163
27164
29936
50719
51027
14581
18796
26161
30807
38498
39205
42971
47065
47276
54374
54437
54438
55146
59114
25950
47313
5746
5869
17646
22891
25695
25943
26291
26356
30325
31258
37982
38429
39591
41829
42325
42390
43878
50283
51746
51873
63203
63459
35368
29928
50652
50862
18910
26405
37908
38501
38693
42451
51056
51547
54951
5805
10608
13536
14312
18589
18927
21932
22321
22750
26851
26866
27029
27184
29788
30190
30812
33959
34080
35189
35431
38061
38257
38321
39138
39663
42321
42929
42930
43177
47663
54373
54698
54824
54947
55273
55463
55467
55522
55527
55591
55713
59051
21871
22383
22559
46442
51033
55124
55641
55911
5807
21792
21860
26976
29729
30174
33694
34354
42206
43185
43215
46047
46116
46642
50206
51170
51310
54699
55210
55660
5809
6378
14517
17565
17633
25966
26018
26904
29840
30061
35427
35490
35553
43217
47279
59747
10589
26102
26996
29808
30898
39156
46056
54492
55646
17766
31522
42711
47913
18350
27306
27375
31335
37852
39468
46635
47195
34284
34582
47578
17378
17630
17952
18783
18844
27039
35366
37986
38479
38772
39327
46435
46569
51481
59368
26983
5871
13421
13739
25767
25812
29996
34531
37911
38488
50599
51742
59176
59226
59618
39443
25948
43874
46437
17959
25938
38557
39461
26099
43689
38484
35305
39093
39403
43500
47524
55196
13801
38961
42655
42845
5931
23215
55067
14378
30689
34095
34341
5934
17897
18290
18863
21939
21990
26287
26604
27227
30947
34542
34543
34927
34929
34992
35097
35295
35616
38107
38115
38771
38816
39411
42608
42673
42854
43044
43088
43186
46821
50207
50475
50833
50850
51688
51939
59296
17889
26536
30822
38804
18215
18221
18721
18857
22817
22828
26514
26911
27246
31006
34704
34862
38815
39346
41893
42268
50532
59357
18974
31199
51485
51741
5992
23329
31121
34998
39317
51311
5993
18793
22682
26777
30169
30614
34662
39658
42651
47911
50403
54686
43092
51308
18854
29904
18217
23005
26015
27309
27310
29785
31253
41886
42609
43155
47067
50209
50917
54635
26665
14365
27313
30250
31028
34722
46886
17841
21995
30373
34846
39849
42068
50911
51112
51173
38707
23085
30099
9453
18923
22639
22688
30755
30825
31454
33937
34405
34899
42347
51090
6188
14671
17708
17839
18799
18990
21796
21869
21933
21980
21998
22062
22127
22261
22390
22579
22645
22704
22705
22711
22767
22768
22830
22893
22894
22961
23151
25876
26100
26294
26358
26419
26482
26548
26673
26739
26870
30130
30133
30194
30197
30374
30645
30705
30709
30893
30903
30967
31030
31093
31219
31221
34916
38000
38045
38500
38869
38899
39010
39587
39778
42790
45989
46050
46111
46829
46898
47217
47218
47458
47461
47844
51559
51621
51686
51812
51815
55138
55139
55202
55203
55209
55331
55720
55722
55779
55782
55783
55784
55786
55843
55846
55850
55907
59238
59299
59365
59427
59617
59751
59752
59815
59881
63525
63654
14125
21679
22434
34027
42650
46938
47460
47915
22311
47120
35423
42081
6192
10033
34200
46567
50284
6250
10731
13342
13863
13987
22756
23144
25827
30003
30183
30311
30753
31201
38929
46706
55063
14370
42383
43374
37907
54622
18209
39512
54682
55007
34000
55398
30751
34970
42791
42927
43884
47320
55595
13676
31337
38943
26533
29667
38576
59294
6312
18401
26927
34921
39004
47705
50281
55018
59034
38550
50842
6314
10546
13420
38421
42415
25817
13929
23214
37927
51441
55002
38104
42602
26807
35424
17379
18291
21743
33772
50964
51946
29975
46370
6377
58906
37988
39220
22571
33813
54499
6380
17825
18969
22892
25569
25693
26155
30774
33825
34659
35160
37798
38317
38515
43428
43745
46613
47024
54498
58858
22308
30180
31012
39271
43375
51501
51629
55727
22511
42705
46870
51432
54569
54934
50407
9838
54889
31517
42721
6505
23213
47851
30233
33970
18596
31409
34520
37926
38430
39584
55253
6508
13786
14560
22006
23132
26412
30357
31469
39532
30105
43169
22199
22259
26934
29717
35024
38621
47282
50837
51156
25832
27311
34966
38375
38641
58984
17692
46928
6574
9841
10607
13530
17647
18091
25448
25971
26338
26995
27032
27041
30501
30813
30840
30879
38112
38570
39262
43187
46800
47146
54880
55466
58925
14495
21725
31275
38878
43754
47058
51041
51881
17904
42214
50664
55382
35568
54886
6637
46493
18663
34529
34676
47198
51184
14893
27434
30119
34203
43817
47002
55072
13538
46166
34708
17510
18716
31255
14493
30109
39087
46112
10716
26971
29856
30516
34463
37800
37916
38814
38835
41887
47142
31536
34325
39250
46320
35377
55070
10026
21605
26451
9390
26280
26344
26471
34015
38964
18210
18737
38888
46756
54935
54869
21870
21999
22257
22263
22385
22574
29540
29671
30392
30517
30900
34033
38710
47910
51182
54506
54632
54694
55143
55276
55844
55908
55912
59560
63524
9454
25752
43554
9455
26027
26224
30956
31135
38195
38446
39323
59682
21799
34078
34612
35161
35489
39188
50706
50972
51814
14310
30629
30758
38674
43818
47466
50149
51115
51245
51565
54830
19101
25513
25947
30566
31323
31386
34798
46760
46891
51747
55585
13673
18865
25972
26296
27031
29914
37970
38227
46382
47323
9569
14068
18792
26079
26733
27187
34540
43156
43306
46436
50538
51176
43372
58912
31090
39068
35169
50524
23016
38359
47575
50340
54763
58916
59173
37923
42896
51498
54891
51171
51231
51244
34710
39055
43683
59359
13681
14001
14255
23146
34096
34352
55586
9971
29787
29852
31281
31332
35165
38119
46940
47453
9893
10669
14442
18670
18919
19038
23276
26598
34212
34576
35352
38376
38801
39136
46238
51435
54893
59429
9650
18664
42668
59431
9843
35550
59293
54617
18528
25944
59437
18469
21991
29912
30243
46184
19037
50343
42461
54618
42526
9713
18784
18795
18924
18925
18926
22188
26145
26223
26418
26674
26738
26804
27061
27124
30381
30447
30748
31009
31021
33695
34358
34413
34464
34486
34550
34605
34606
34607
34609
34657
34677
34724
34867
34931
35229
35252
35484
38447
47152
47216
47909
50151
51104
51874
51940
59291
9714
13662
18726
22572
25956
30246
30690
30739
34780
34841
34896
35184
38379
38513
42337
42607
43151
43303
43376
46115
47018
47073
47191
54881
59753
14181
46251
50659
26276
39126
22000
22816
34908
43057
43109
50539
54503
58795
31250
39145
51421
26662
10086
38617
42537
50859
55777
30387
47472
9777
17775
22258
22625
22772
26421
26610
27428
30318
30827
42538
47071
50976
51097
51109
51374
54441
54560
55023
55208
55270
59117
59180
59364
26087
34073
42083
42773
50987
54556
18214
25708
30811
47263
19042
26808
35546
31032
25639
25750
26359
26602
26679
35569
35631
38956
42593
51750
54954
55446
14633
18906
46868
22045
50214
34282
47335
18095
27555
42015
43178
29980
38118
59098
31060
31340
51054
51094
18848
22388
22960
26292
29739
30038
30378
30574
30881
31451
38701
42968
47132
51495
54554
10036
18280
26007
30312
30370
39080
51154
18228
29797
30741
30904
30968
34088
34225
34269
54495
14695
25839
26935
30178
30451
34331
34466
34790
35038
38240
39409
39528
43059
43558
46240
47056
47317
47392
47508
51248
51438
51690
9894
13659
14120
21857
26846
30435
34137
34270
34483
34547
34864
35188
42712
50409
50606
50980
59050
9895
9958
26795
34782
35098
50529
59177
51613
25896
29612
29869
30114
30253
30510
30632
30818
37861
38377
38623
38751
42085
42160
42666
42801
43875
50540
59353
59614
59817
9899
13864
21930
26932
27123
33759
47529
51237
22512
31023
38353
59300
30702
42992
51172
55716
26094
26323
34079
34613
34991
35044
38313
42907
46566
51044
54762
55404
26642
29536
46440
59501
38222
47444
22745
30371
30390
31473
34957
54748
54760
10092
26083
30111
35182
38695
9957
26931
30877
34474
34532
50535
50665
50916
59241
34279
34484
50834
51169
13548
30559
34293
58856
38365
46763
13810
22451
30005
30644
30708
30839
34678
38560
38955
39724
46378
25447
26780
27233
30004
30045
35121
38180
38554
38759
39267
54821
55267
55724
58852
59624
17822
18526
26837
38378
39781
50722
50900
9966
21541
38562
39012
39077
39847
46249
42016
46235
31062
33699
46677
29793
43368
26282
22809
10024
10729
18035
26101
26288
26677
26997
27060
37853
39277
47188
54765
18972
51682
22197
30372
30454
30519
38646
39030
46959
34925
38634
51175
18026
31254
35055
58985
22709
27189
46827
59360
21467
22131
22325
38876
50783
59111
59550
31140
22315
23015
35434
38374
55516
58790
10035
14828
17774
17838
22061
22517
22576
23069
30292
30950
30964
34587
34727
38545
38824
39333
43114
46607
46696
46867
47258
47652
51811
51816
55576
34448
34610
42221
46504
33893
34777
22824
27429
30894
34336
43426
46742
41897
59628
34394
37847
47337
23265
51618
18028
21855
26928
26992
27185
30691
31085
34737
35435
38062
38175
38697
39151
43552
45994
46497
47527
51817
58915
63592
33643
41958
30874
17681
46888
21790
22059
30059
30872
47714
50579
21936
22692
30188
30240
54375
55657
34140
43247
51376
26659
47659
55394
55001
34521
38611
10218
18671
22895
39388
10219
21599
43693
42071
50152
18672
22264
34723
50533
27033
43315
14058
27242
31031
31094
34477
38632
39285
39651
42904
43877
47842
47843
47845
50467
51220
59047
10407
34271
34981
34996
37989
38675
42408
55338
55400
26717
26972
30327
38126
59554
14688
43227
10283
22691
25574
27117
27122
29871
34228
34799
38799
38822
42804
46944
47147
51102
55201
55391
35041
35111
23279
30235
34395
10289
21472
26417
29905
35114
39515
41951
38368
26143
30308
35554
38694
10344
25579
25893
26422
30241
30895
42403
47596
47662
55010
27422
46882
47340
25967
29736
35113
46812
25946
14890
58793
38637
46371
10355
14246
30255
30258
30754
31015
34668
42006
43233
55325
27239
34787
55788
21868
22382
29803
30263
37790
38761
39330
39714
47070
51941
54432
59105
59755
63081
14186
13521
26218
30386
41825
21935
29541
30438
34909
38998
55006
14681
13584
14191
18416
21988
22697
33826
34290
34479
34865
35248
35547
42203
50602
51305
38770
47199
29789
10420
13585
17835
18851
22379
26158
26785
30875
38688
51177
59181
22513
39257
51675
59432
17637
42324
42671
59422
38767
42905
23028
34472
50454
10480
14764
21804
22829
34551
34935
35253
38517
38582
39221
43121
47588
51685
51749
54690
55717
34917
43419
18991
26069
47134
54496
18018
43089
51051
26470
34131
46449
46879
10540
30961
43038
18336
38174
42645
35363
38886
14696
21606
22636
30838
35425
39329
43173
47725
50991
14252
17707
17842
17963
31008
31452
42276
42716
50926
13727
38556
43179
10592
13995
46373
38178
46568
51681
54827
59116
63209
31084
42340
30608
14829
22323
30546
46572
50339
51431
30001
30262
30966
46511
46873
47069
63082
42088
42387
55841
33901
38673
26463
50654
13853
21471
26722
27119
38170
50656
22957
31132
38435
10671
29998
30131
50913
51113
51748
30579
55266
30069
41954
21873
21874
22001
22765
29873
29938
30382
30450
30577
30698
30965
31011
34604
35126
35190
37992
38831
47272
47346
47536
55774
18274
18597
22496
31339
34032
42536
46429
50406
51375
54439
55393
43040
31195
42079
43675
46576
14761
22003
22770
29784
30040
30068
30640
30687
30756
31158
31385
31406
34537
34739
38548
39117
39848
47906
50732
51622
51943
54443
10735
27556
46748
51025
23136
10795
50672
46620
17759
27238
34328
37788
51619
42091
22507
47015
29999
30293
46372
10922
14580
26601
30314
30737
39718
55399
55406
59681
43741
59551
47006
47318
50733
45991
47081
54890
55140
46367
21595
33886
47728
50458
18734
31321
35359
46634
50912
46705
47204
55773
30179
18912
22068
30897
42520
55776
43753
54819
26721
50336
13486
22063
22064
22194
38900
51181
14132
46874
51227
55465
37796
37845
38386
34340
17962
33952
39086
42010
51105
54887
14816
35153
39524
55578
27559
34342
22453
26420
26481
29544
31651
37735
42468
50973
51106
51180
51557
54436
30610
31198
39788
13792
13993
14250
17375
18339
22698
26735
43944
54817
18417
30177
38671
39339
42152
14515
13550
25905
39653
18733
30876
34404
42663
54953
59244
13552
23147
26898
43248
55263
55271
18859
26925
34136
34291
34544
34863
39660
17900
26423
30816
31330
51810
13592
42351
42524
46430
47196
33828
34930
43183
55453
22695
17824
50346
26222
30866
35286
43356
51878
59692
13647
26805
31024
35617
50986
46445
43280
55005
22497
27371
46505
50580
26414
30766
47144
47208
51366
26869
25508
25568
30997
38451
38807
18085
22317
43058
14129
34013
38890
47083
21872
27293
30765
34658
34843
51052
51119
55147
26097
26479
27059
27558
33902
38766
50977
47599
34337
18275
25758
41884
21477
22306
39064
14510
47253
42839
18475
34794
35362
34162
47839
47443
39122
19040
50331
21786
30886
51942
59565
39007
38760
30902
34592
38926
50657
47853
22500
22956
23068
27367
30945
34409
50975
59355
54431
54681
26480
30449
23020
39009
26918
17768
26207
29602
46885
18211
26969
13866
26835
41952
43378
47779
46239
34958
38114
42988
55085
30118
38740
39025
42393
25514
30198
47315
55851
59691
14064
22954
38452
50516
13918
22699
47600
47722
18598
47057
18027
22561
55449
18609
59561
22690
22966
34785
38055
39396
42455
50723
55076
59115
39054
42022
55594
59880
14251
14704
39270
13992
39021
43311
18928
30132
38322
43355
47638
51040
51042
17905
18158
23140
26021
30187
30189
34735
34801
38895
42703
47077
55658
55723
58724
58725
13997
55532
22048
31154
25959
39182
55148
18801
34898
38305
38388
25895
30251
31022
31074
34014
34671
34802
38056
47080
50586
54700
43241
14511
34849
30775
38880
39015
46698
27062
34087
42594
22070
54756
42271
51030
22294
22295
25509
26989
38832
54946
59564
14116
21806
26281
43756
39276
42727
21667
43411
42909
21722
34083
34128
22195
26549
26678
30576
30643
30836
14572
14127
47190
47387
22627
38324
43243
46767
47021
18482
55078
18914
37994
26669
17886
22047
59563
34736
30738
22958
29664
30365
31017
37868
37870
37997
38773
39720
59750
63590
14241
21531
30696
51116
50582
21540
46503
47395
23092
35292
35312
39200
21989
23006
30252
30561
34449
42216
29732
38364
33942
14247
30048
38928
21741
21934
22128
22129
22192
22196
22256
22262
22386
30707
30899
31218
42270
47525
55719
55909
38291
31066
47522
47777
51351
18354
21614
30057
30317
30873
51247
34603
38741
51624
59053
22953
30694
18153
29659
37734
38159
39650
47462
34649
54442
34519
35753
55910
37855
39142
30684
39066
46814
23004
26661
50735
18590
47378
47905
26926
34403
31531
31397
38861
18289
50530
26538
14439
35047
14440
21808
30455
26009
51484
42906
47390
38818
43363
54567
54809
26449
31458
21929
27103
34839
34852
43175
54696
25637
50858
25823
26861
38872
39780
34028
38615
17698
22322
25890
30456
34741
55511
59044
39131
35107
21740
25703
30377
59369
51478
14512
34835
55205
46182
39247
50471
30302
55643
26871
39214
39213
43290
38951
43349
18097
42352
22755
22826
22876
26154
30757
31056
31203
35037
38800
39144
42269
50405
55464
55262
39072
39449
37797
38128
42795
26529
17964
31389
55265
26933
55193
14640
35060
58920
26734
26852
26864
34292
42928
50907
51111
17773
26725
33875
34414
34926
35159
35487
38691
14683
25826
55530
39019
42405
17504
30383
38737
39282
41833
42600
42865
50341
50605
50981
51045
51631
51632
22113
39146
47149
21598
22573
30172
51625
18540
43285
30626
39324
50670
37991
38640
38702
46950
54501
55775
43437
30175
43157
22245
27250
33892
34980
51554
54697
26664
22938
31597
42980
46833
26596
34158
25565
34840
33758
41889
18841
22833
26865
51687
54494
59490
51363
39509
59556
30865
18164
55458
43165
54940
14879
55142
18412
23013
63656
22686
23264
26219
26993
55460
25904
30628
43216
55721
31087
43808
38505
59099
30433
46365
47402
42515
26676
31331
26913
43751
35429
43036
42846
35063
50899
42523
34654
34422
38817
26037
18288
35290
38037
42518
47153
55663
33836
38422
27433
43087
46764
46828
55593
22253
38836
39662
21923
25580
42867
26085
25960
18858
18993
22641
22896
26801
30173
34419
35251
39410
51373
51818
42407
38821
46674
51179
18785
38833
38687
30940
43414
30508
42983
43684
34467
35127
38756
26773
34268
35118
35124
35187
39094
42070
46309
46570
46689
58857
18847
38191
38672
38991
47251
54831
31013
59112
55261
25891
38286
38350
47715
38302
42595
17770
30892
43548
35288
47597
54568
30125
38309
50982
30444
34738
51503
42030
26082
55075
42738
38184
42258
25963
17834
17836
26991
34127
55852
59626
34919
26732
29795
30112
47316
34207
35375
42195
58855
59236
59484
55016
17901
50472
50963
22066
30954
54628
55087
34257
59048
46575
34138
46510
23025
31095
51114
39150
51805
34667
34914
22763
37990
43160
19034
51880
30391
34928
43249
23262
58853
30420
26214
35093
38053
55528
31214
46824
47784
42194
35436
22443
35061
37850
59748
34143
39065
51039
25964
22880
34904
54872
25449
51303
38944
51238
43559
33696
46374
29984
30810
51110
21615
21925
26528
38224
27172
30195
39149
38559
31127
50909
25711
18665
38805
38231
38299
39343
25840
47331
55341
26353
50210
43026
18862
26160
35104
42606
55392
30245
59106
38738
50410
39911
59693
51740
59174
26593
47131
25838
42327
43370
38699
59686
34349
22635
42412
42918
22626
47214
42654
31149
41834
42516
31126
42084
22051
30309
47185
59749
43882
50731
29992
38705
59424
35108
38514
42323
43627
39075
29733
23022
51803
30583
35353
31466
37910
39785
26718
47343
34217
43377
