# Nodes in cluster 3
# Motif: triangle
# Network: graph_300_650_80.0
# Number of nodes: 70

54433
43497
18531
13518
5423
22053
27369
34976
42963
46686
21791
27298
27054
5865
39209
58728
34601
38120
6700
42788
35045
50904
18529
51178
30759
14448
26486
47074
10153
14123
47726
9580
26168
50269
9646
51229
18778
18089
46301
9964
42961
55136
14889
26322
47581
38512
38823
27038
26771
42662
18032
46673
34716
18030
51218
14190
21677
13811
39141
43633
59684
26803
26225
34585
21676
17444
22449
27245
46051
42543
