# Nodes in cluster 6
# Motif: triangle
# Network: graph_300_650_80.0
# Number of nodes: 89

39454
54895
59500
47583
22815
13601
59494
21850
18402
6190
42974
18084
38610
5611
33767
42900
47329
51483
38492
50714
14880
30557
23001
13658
42007
27114
18979
21470
37867
30120
30683
43482
54879
42713
38116
46306
31186
22438
38424
6636
51103
6699
17635
26466
43417
27161
46255
38680
47124
30511
18530
42732
47394
38608
50838
27360
39129
26794
39460
46045
27183
35168
47510
43750
13991
34646
39255
50708
27175
59489
14253
14306
50468
26984
42286
39645
51239
42728
34796
55066
22374
47259
35287
50517
35181
25830
22812
51679
43484
