# Two-way split nodes in S and T
# S = first partition, T = second partition
# Conductance-optimized: True
# Partition S:
35547
27558
59244
26548
51043
59815
17834
# Partition T:
30365
59755
26864
1580
54817
34899
30772
22701
30645
55788
30251
22640
34127
26866
22045
33902
31473
38702
42347
38761
47282
51310
55464
22889
51040
59180
39265
51753
54699
38359
22129
22635
30958
51752
26742
30834
34802
42070
39396
27242
37734
22835
51107
55844
18589
31259
50850
31091
55210
59756
46570
51623
22517
22769
30502
51686
54569
29729
22955
55852
22128
39001
30964
39777
25638
42206
21604
51119
30506
30635
46752
17499
35190
51816
54950
38897
23027
50899
30769
38430
30517
38306
22257
34804
23025
26483
22577
18735
43222
31342
22327
38958
55656
31283
30630
47087
27166
34551
55068
22642
17777
30770
22826
34062
50607
35240
46692
46545
29613
14115
22903
18798
18922
30641
1570
26730
38508
46759
21938
26673
50729
30520
46482
50395
38103
38566
30067
50213
30904
19034
14829
54891
14705
50912
54572
55529
22631
22637
46705
47204
55773
13454
46634
26849
50336
13485
42192
42851
43625
46614
13486
22063
51359
42520
46815
46871
55776
13470
13742
43242
46362
46933
22064
55128
13471
30483
30752
33703
31321
35166
35359
39190
42656
18912
22068
30897
47711
18030
34321
34602
37796
37845
13469
43502
51055
51502
22319
22632
35231
35506
38386
54683
54435
22240
26024
30291
38900
50927
51181
42709
43312
46045
38372
18340
26527
26987
34001
34861
38228
47321
51413
19231
59555
21595
33886
38358
43240
43283
47728
50458
18734
46367
22432
39408
39718
42019
43690
46418
46618
54695
55399
38480
42091
43607
10857
25770
27307
30102
38754
10858
34396
55406
39577
51672
22507
42410
42094
47269
13406
29669
31317
26968
30165
35371
42481
38930
42639
43487
50534
30326
26912
45991
46945
47081
54890
17561
19035
22241
30167
35426
39189
59681
13341
29858
43232
43295
43741
43814
29867
31591
39272
39252
43619
43620
50465
13455
30179
14382
26036
13534
27559
34342
38757
46319
51804
55515
58976
50707
51419
55578
13998
30937
25905
39003
39653
18733
22885
30876
38671
18417
18608
22698
26735
38436
38745
43107
43944
39788
14190
39339
30177
51743
26834
30181
34393
18339
42793
46890
55254
13581
14250
17375
17438
50973
42158
46165
46253
46745
51292
13993
55271
13553
26925
34136
34291
34544
34863
39660
35502
51180
34784
42663
54953
13552
18484
18545
34002
13550
51106
37978
51557
30610
31198
34805
34404
51218
51300
13792
39345
63146
26530
38678
14504
14816
26531
34830
35153
35217
54887
39524
42285
13487
14132
31124
46874
51227
55332
55465
38768
43753
46997
50800
54819
14507
26011
26721
35293
37794
22433
39585
39721
42139
43433
47974
39086
42010
51105
35619
31651
37735
42468
46555
14314
22814
25777
26424
34340
29544
50773
13595
17962
25875
26850
29477
30098
33947
33952
38234
30882
43626
13516
29872
42284
42541
13517
38580
31328
37984
39258
43176
46672
26654
27098
22453
22890
26420
34604
38954
55457
13867
18781
30480
38161
42149
50654
22496
47513
35126
35562
37791
37992
38438
38831
54884
47005
47272
51028
26347
30579
47085
55266
51354
30069
41954
43432
50278
47346
26031
50921
10668
25643
33938
10666
25754
26463
46673
34579
42544
43035
43040
47515
17903
17970
29665
30685
31195
50913
39328
42079
42143
43675
46576
47916
21874
22700
22765
38435
47536
55774
18274
18597
51113
31132
34204
34578
37918
10672
46679
50604
10673
10671
26720
30117
30131
47592
29781
55849
38250
38673
10655
18032
39385
50856
22323
29547
55778
30608
35228
38939
45987
47724
30001
30262
26163
26297
59040
39137
46373
34828
38425
38178
46568
46948
51681
54827
51284
22811
26599
26844
33891
35439
38355
38813
43172
17972
47128
10609
26919
42088
42387
47255
50474
55841
46318
22957
30677
33901
38416
39460
43033
43546
14050
51748
54955
38040
59108
17758
17778
25820
13853
21471
26722
27119
29653
23074
38170
10610
43050
43300
46992
50656
51876
10670
47015
21788
26020
26164
27556
35123
39084
39215
54754
46547
21411
47062
55130
10860
26723
29999
30293
38223
38884
46372
46551
25814
25889
25951
27238
34093
34328
34538
35122
37788
51426
46639
51619
50332
54443
10735
38482
43543
18980
25955
18226
23070
54828
59551
33709
38830
47006
47262
17840
10798
31404
43441
47318
50733
55395
59039
26128
34211
27047
35030
10922
14580
26601
30314
30737
38352
47256
10795
26539
17759
50672
13728
17440
26716
30058
38643
46620
54634
30868
59549
10733
13488
23135
23394
10734
33884
30259
30429
51943
31339
34032
34716
34973
42536
46429
50406
51375
54439
34084
29873
29938
30382
30450
30577
30698
30965
31011
31153
55393
35414
38548
39117
39848
43757
47906
50732
51622
30756
14761
21802
22003
22770
29784
30040
30068
30640
30687
17498
30946
31158
31385
31406
34537
34739
26468
42278
50717
23089
17951
25641
30935
46748
47319
51025
51035
59037
10792
38941
34069
51287
54637
59627
21728
23136
10794
14616
30449
54431
54681
13851
33833
41832
13805
14877
22839
26480
38743
31029
29727
42832
46627
34645
34725
23133
39007
31268
46956
37848
22181
51032
51357
13991
19040
25761
35630
43749
33823
50975
59355
13811
13938
14450
47836
51430
22120
55461
23068
18211
18656
26969
31002
30161
39141
39319
22500
22956
13865
27367
29917
13870
22834
34838
46239
46701
18346
27113
51091
35056
46885
39519
42476
46749
47841
13856
31202
43225
34285
26918
47786
17768
26207
29602
30945
31393
34409
50331
47641
13737
25644
31464
46103
21801
13790
31465
39053
42588
51942
55514
59565
22944
34646
43090
55403
13800
43218
14052
43755
50590
13746
22305
34154
38803
42256
43750
47443
46313
30163
37863
39122
38188
41884
18408
13729
58854
51350
39255
50411
13806
42864
47853
51689
35215
38760
45984
31222
13808
39139
39466
13789
38926
50657
13809
26769
35242
14193
54811
47393
21786
22693
30886
34063
47656
34162
43112
33958
17569
38935
38875
42331
17582
30902
34592
14874
21986
31324
59426
21669
39054
42022
22561
42584
43742
14308
59880
26092
26215
30500
46420
46564
43475
22055
34215
39260
55594
54621
59691
13875
14064
29979
30118
37924
38740
39025
47057
26142
59227
50723
55076
59115
22499
41896
42720
47471
34785
13992
31122
39021
43311
46502
17711
42345
54555
13936
42715
37985
38055
42201
34801
38895
14005
22506
30624
55022
18928
18027
34100
46315
14704
39125
39270
54743
29611
31256
34126
30132
27294
31595
54948
13990
37846
27175
42455
30440
29926
37732
39392
50708
13855
38452
39128
46744
30198
25878
46059
47315
55851
54680
14003
18598
22954
31016
38179
30192
55085
43031
46490
26030
34958
38114
46630
51298
23020
26022
39009
42988
43633
59684
26848
42349
14875
25646
18609
50266
55449
17503
21674
46174
59561
22446
22690
14180
13932
42026
13931
18216
42393
50280
25514
14055
43308
17695
43489
33641
27296
30248
39457
50516
13918
47600
47722
42017
47123
55448
13866
26835
41952
43378
47779
39592
51691
55453
33877
38316
42265
13598
43356
51808
35164
35380
38552
13788
13599
14177
25765
21735
22497
26915
35482
37792
14318
55525
46108
17900
30955
13618
14188
26222
30866
35286
55518
42137
51878
59692
13647
22122
26231
26805
51241
30299
25887
25568
30436
39070
39157
50346
38490
39261
51166
43677
25508
29537
30997
38451
30766
37925
39135
39538
43623
46641
13674
47789
18276
38249
34591
46699
47341
34350
55523
55005
18467
55385
13612
13613
55015
38443
13615
27371
35294
26786
51365
46430
47196
59689
13586
19051
27362
42478
46766
46897
42524
51620
26450
39444
26898
27053
30551
33755
43248
55263
46753
47401
13547
21473
50910
27365
34205
18859
26032
42152
30831
54945
14515
18730
30891
34788
43119
39661
42351
31330
13610
38613
46735
13611
42288
42583
26423
39028
30816
34589
51312
51810
41944
51232
13592
38036
39510
41899
46737
38232
34198
29845
29846
43883
54810
15020
33817
22899
23147
18085
30043
13602
14555
22695
27355
33828
34930
17824
13682
55132
34388
34843
46122
47510
47654
21677
25758
55447
26478
26097
13937
17958
21872
27293
30765
38301
38947
39064
18275
13677
14129
22317
30826
18145
30763
39471
13724
14959
55017
35621
18666
39264
42130
43310
13928
18611
25774
42777
22123
46169
46432
47587
34337
35168
35313
42798
46741
14573
47839
42134
18475
25685
33949
34794
35362
43611
13787
22389
13738
18155
21665
38057
30323
42839
59491
21477
22306
55127
22939
26965
13723
35488
38236
14510
30870
47253
47339
34013
38890
43941
46356
47083
23018
43058
39081
39254
30116
14315
47277
51093
27057
30041
46505
50580
58979
22837
38807
21731
26869
35617
50986
46445
31155
31519
38863
38481
26414
34202
34990
42212
54761
18593
43280
27183
31024
54620
13933
37859
47599
18090
31130
31387
26479
27059
43244
55147
54938
22946
30452
33702
22759
42776
46941
50716
55125
14182
30129
14619
29973
47144
47208
51366
59419
13664
29927
39071
26232
38766
43184
50977
51822
38579
43630
51052
46931
42389
46619
34006
50579
31133
38047
38099
39002
39069
38512
39278
39576
34923
38496
43247
51376
55455
10211
21536
35031
55003
55657
10157
25647
50584
10158
47394
50849
34066
30568
42653
26600
26998
29987
47581
47714
30830
31394
31657
18921
46946
47012
47537
18474
27036
10215
13539
14049
14689
35157
22696
14706
22878
38168
38486
39212
54564
55662
10665
43420
26659
30799
34130
35152
38608
39063
51751
54375
43313
30484
47659
55394
59613
14759
23198
25815
30188
30240
22825
38441
30872
30998
46888
55071
59097
59690
13935
14606
31649
25700
21790
22059
22255
26322
30059
30674
41958
42067
31085
54960
10151
14749
23263
51817
55584
26992
27185
30691
55014
34737
35435
14831
14889
17744
22312
31156
31157
21936
26791
27052
17617
17681
46187
47520
10156
10482
18466
18782
38516
38581
33883
35556
38246
59430
59687
10152
30453
10154
38551
42604
43046
10149
18729
30620
30824
47838
54894
27247
18594
26346
31208
22692
22823
51372
10155
18344
23150
42904
43877
47590
47591
47842
38192
47267
22264
22307
39651
26361
34723
35028
10278
34330
34981
34996
37989
38493
47843
18671
38632
39285
14058
18213
19107
26078
26843
29916
38675
47845
30441
31031
31094
34329
34454
34477
38864
42601
21931
51302
10227
30801
30934
42386
42479
14688
13648
14559
47154
26717
26972
30327
38126
21410
39578
42981
50412
51164
43688
39058
47086
42408
42465
47708
50920
55338
55400
59043
10218
17373
18419
26206
38638
38689
42831
27165
30239
30042
38683
39388
39580
10219
18672
22057
29857
43693
10220
38129
39027
42071
31019
55001
50152
50838
10221
14638
31004
54751
34140
27498
34922
42397
50793
10217
13852
42477
43822
10222
55000
58785
59103
14817
17502
42080
46233
34163
43495
47785
51486
10225
14006
21940
22895
31200
42263
43315
42328
10226
26352
31020
14618
21599
26487
34473
34521
38611
42027
30182
31080
31005
31596
10214
10859
13422
29976
27033
47456
46571
46625
50533
10223
29915
34024
39406
42452
38419
30582
54752
54765
18972
38374
42977
43113
55516
58790
30519
47727
10093
10035
14828
17774
17838
22061
31120
34709
35020
50783
59111
59550
14639
43122
59360
10030
17772
25843
35434
35360
39197
43358
30896
38426
38876
22197
30372
30454
38545
46696
31405
34344
34481
34587
51811
55576
55654
38237
46607
38824
39333
10032
26902
29800
30817
31140
46867
47258
27189
35055
43154
58985
10029
14260
10034
38873
50925
22709
22580
38238
46827
47651
23339
31254
33894
43114
46058
42198
51098
26101
26288
26677
50720
38567
33699
46419
47645
47260
42910
43105
34837
27251
29841
35297
38187
34135
35057
31453
9967
25635
29994
34082
38044
39012
39077
39847
26997
47064
37853
39277
39020
42531
42897
43614
47188
47205
42077
35485
35618
27305
34142
34412
47130
51680
10024
18035
26783
46487
47136
21467
22131
22325
30328
30580
17743
21807
38634
34577
38646
39030
46959
55213
51682
14637
17442
34925
47589
51175
18026
23014
31025
31215
34418
13468
22684
38697
18020
39119
39192
43426
46742
47469
14578
10412
14311
14194
39151
43552
45994
46497
47527
33838
35623
58915
63592
43542
58909
10354
26916
26928
23265
30254
30627
33956
42732
30037
25636
38058
13919
14494
14815
18028
21855
22501
30874
37728
39850
26658
30113
33643
33824
35039
38043
26165
35099
50279
51477
10150
18532
21532
30494
38062
38175
47007
42521
35049
51612
10094
42024
43486
21726
22840
26088
30695
55136
33761
10667
23071
47337
54619
10090
33698
33945
13736
35162
38046
39787
42159
43221
30292
30950
54941
10212
34777
14389
22824
27429
34727
34789
35628
22381
22576
23069
51737
21409
21612
22315
23015
30805
46376
47593
59562
50457
26608
10084
22753
25892
26962
47333
10085
30894
34336
26008
14956
30999
31058
34394
37847
43480
30242
33893
58971
51108
33897
34448
34610
42221
51618
58918
46431
50983
51674
43490
30052
10089
14752
38692
39152
41897
51434
51692
10088
51425
46043
18023
18987
30760
55192
55407
59628
46504
35307
10475
26607
33633
46125
47463
51675
59432
26360
34153
10471
33700
33764
33816
34917
35361
43419
29670
35109
34611
21804
33756
34472
50454
54747
22629
22513
39257
14764
18081
46242
22829
30518
26857
29676
33880
51177
51420
51490
59181
47588
18654
55258
10540
38319
39719
43089
43494
46358
51051
59295
51551
30367
31459
34131
46449
46879
54561
25969
30867
59422
46695
10483
29918
31151
23028
26256
35551
42671
55257
30354
10478
27089
55133
10480
38767
42905
42967
51947
14191
17907
38414
18481
18851
22379
26158
26785
54497
13584
10414
34909
38998
42662
43881
55006
34479
34865
35046
59232
41825
14186
42856
35232
38258
39462
42483
43048
33941
38883
14681
30875
38688
38736
47266
47574
23130
10420
13585
14002
27180
29789
39334
42672
43250
46935
50602
51305
13649
10476
17835
10417
38770
42590
47199
27096
34615
34935
27360
35557
29476
30992
35560
22884
25504
51676
42138
13804
17637
38517
42324
51504
58727
59113
34598
47576
51049
51500
25842
31327
33895
31282
34666
35363
21927
38886
39186
46427
13484
10602
14514
14958
31084
34286
34339
17963
42340
42990
39446
59052
59100
13727
26796
13614
14305
31390
35026
38556
47022
43179
51759
46317
47577
45992
50918
10545
30884
42533
30966
63082
30546
39195
46572
50339
51431
23331
50646
50846
59754
46511
46873
46878
59235
59116
63209
10592
13995
14316
17707
10603
17571
25705
42276
42471
46893
47725
50991
55388
42716
27058
30768
22761
26920
31008
31452
34485
38626
54689
47134
54496
14760
18336
22004
30931
38174
38953
47324
46544
46124
18991
26069
29844
37931
39348
55725
26470
55469
10481
39221
43121
43695
22244
27182
51685
51749
54690
55717
18018
10797
42645
42902
38574
43038
46892
50776
10543
47528
42448
26794
27186
30961
34779
34959
55592
10541
26386
39329
50777
43556
50928
10542
13594
14431
21659
59054
59557
21606
27181
31529
39129
43051
42969
43173
50795
14696
14768
63081
22636
30838
31534
42353
34549
35091
35348
35425
39712
39017
42326
43422
34288
38229
39347
38368
59497
25575
41951
50643
54949
21917
23279
26930
34702
33634
30581
35223
31137
27122
29871
30569
30631
42282
29905
30002
30064
30821
35554
34711
35114
14430
43234
51309
30678
35285
35690
39515
47278
42028
38130
14557
21858
34963
43362
54627
14414
23023
38820
14380
18150
18418
39315
39342
46484
10346
43302
18341
26422
38694
39279
42211
51683
42403
10344
18739
25579
25893
27117
30241
30895
26417
34653
34718
35035
35094
35622
46944
34663
34799
38799
38822
38823
39465
39516
35111
43544
55201
47135
47147
50216
51102
54815
10281
55391
10284
25954
18736
59554
10282
34271
31347
43227
46441
51616
55328
10283
14632
41943
50467
51220
59047
10407
14373
26789
31391
10342
10290
30235
34072
34395
42894
46626
50398
58983
34228
10288
21472
25570
27038
30046
43566
46573
42804
22691
25574
31598
34008
34132
35041
38295
50589
10280
15021
18152
23261
25696
39349
10289
42078
59109
10287
19043
25632
59553
54432
37785
37790
38870
39207
38894
39330
39714
47070
51941
29803
55198
30258
27037
30322
31206
34319
34766
35236
38637
43347
46882
47340
39599
25967
29736
35113
38431
38758
42511
14000
47121
47332
55019
10537
38798
59105
21868
22382
30386
42203
18416
21988
22697
33826
34290
47016
13521
26218
39079
35062
35248
35418
35615
46801
10410
34641
10411
21935
10413
26771
29541
30176
30438
27363
33904
34323
50922
51234
10352
39249
42919
50978
58911
10406
25899
34787
38176
27302
27431
29539
10353
46812
47129
47780
47782
10351
25946
26475
51885
14890
17956
29608
34004
34778
42330
58793
10345
27422
30249
31264
38747
43416
43687
30308
10347
10348
26140
23277
34229
35555
38253
55384
17566
18093
21412
26143
42006
10355
14246
30255
34260
30439
30754
31015
34668
38440
55264
43233
42841
10674
17832
25704
27044
27239
29543
30951
47596
27425
31139
34580
50456
50603
50985
13725
46310
47009
17905
47662
50649
55010
59167
55325
46371
50344
51352
38810
35222
33939
54508
26214
47854
35687
50478
29606
38256
55327
18347
39402
21918
35428
42528
35300
21549
50462
39517
30420
18281
22443
38172
46754
54957
51877
18151
46104
21593
43418
29939
30482
34097
35040
34855
37736
38682
42266
51224
25449
50153
26978
34978
39451
59683
47209
54872
34451
46703
21859
31336
31655
37730
50845
18283
18352
39000
38098
22189
18285
26731
38251
31214
46824
26016
55517
39088
42333
47784
34085
25701
42194
31470
18219
25771
51290
51499
18277
33882
43249
43045
23137
39782
26726
37990
42401
43160
39386
25446
18791
30938
46051
27106
34017
34410
34975
51880
54875
63655
46245
51114
39150
51805
22763
25773
34141
34157
22751
25881
34528
35564
25445
38734
47661
42989
18673
58853
22368
26670
42579
26781
46622
34487
34003
31076
46955
31267
26141
23262
27170
18100
27095
42596
47210
54563
26675
35436
39006
42350
43180
23083
31141
54888
31403
35093
38053
55528
30442
41946
23403
47193
31075
34928
46805
54500
55206
30948
22374
31187
35688
37865
51695
27225
29802
46866
39649
54750
31194
46636
35567
51299
55454
38231
23079
30107
31530
18478
35627
38578
58917
47259
31127
50909
30682
59304
55785
50517
26528
30128
18480
46899
22435
38882
18527
38224
26387
50210
47704
34900
38744
35504
50595
26860
21793
26353
18913
18605
18842
58974
47658
31252
46633
51548
25711
43245
47771
26026
38312
38437
42898
46553
30195
38995
42664
34099
25821
38944
42394
22747
39149
38559
58907
18541
18600
42517
54825
26974
55582
21925
38243
35233
38952
39065
18351
29718
21615
29984
22178
25831
18400
47914
26537
30548
25964
33960
26923
31003
31068
31205
35061
34586
37850
18282
59748
18343
22950
34143
34721
59171
51758
26710
30810
51110
18473
43559
38033
51303
30742
33944
43631
18602
23212
51238
34715
35421
18464
22881
22242
38117
35355
35437
33696
42581
46374
27172
31189
34648
51627
55707
22880
34904
55020
42976
46743
38885
47450
26929
38181
42853
50404
33829
38096
38627
38543
26855
38821
46114
41963
51373
51179
18785
34471
38833
33693
38687
35171
37854
22372
30940
54625
55194
43414
26003
51818
22641
18022
41955
30173
34348
35251
35374
23131
33757
47445
29843
42407
43476
18607
34458
22896
26801
47531
51228
38191
35187
39094
30125
38309
50982
25576
58857
18847
46183
35124
38571
38756
26773
34268
47251
54831
26147
31013
59112
47639
46674
25713
42575
30508
42983
43684
51611
42674
46244
18993
21983
26070
34467
46560
35127
42262
18720
35118
34590
17564
25503
31587
33836
30430
55451
46632
59168
26595
55663
42281
46574
42518
46496
30547
43100
43284
42912
18355
26037
34324
38817
42586
59622
42087
26999
31659
22873
22449
27433
42728
17833
18288
35290
38037
42867
26085
47153
17629
51418
21923
25580
31593
38819
43087
46764
26227
39013
39662
25960
27492
17631
50666
38836
50271
50844
51165
18858
43481
34193
38422
50473
26093
33760
34915
38891
43030
34796
18856
46828
55593
59172
43474
18544
22253
30750
35225
18661
30351
35430
27437
58855
39259
26211
26727
50963
55318
17901
33885
42585
46769
34667
34914
18845
55150
42838
25888
47316
17968
38318
39382
18161
27245
34919
58789
26732
30112
38356
35684
54502
34207
35375
27173
35051
42195
42224
46575
19100
26210
38035
55066
55513
38558
30391
21727
55012
26715
34138
46510
50349
50608
18016
21926
38124
26713
31095
55649
55211
46044
50472
34257
22066
30954
34456
35626
54628
17967
17953
35105
26148
35302
46826
55087
26228
43028
18225
42595
17770
38286
38350
47715
17761
38450
47597
54568
35170
17767
18907
30928
34077
34007
38959
18096
30444
30892
34010
46309
39600
55261
17757
25891
35494
42474
38672
38991
43548
27356
33954
59289
34194
55255
17836
26991
38302
29801
42973
43095
47396
55075
17823
50919
29988
59626
42738
47837
38184
42258
17830
34523
25963
26084
59048
31518
42012
59234
47655
35288
41949
41827
42219
58729
59236
59484
55016
21476
34408
34274
34738
51503
42030
26082
26787
27118
34213
34067
47847
31188
47126
26967
34988
50865
31455
51803
34714
50476
47579
46688
34399
38362
26474
51492
47213
37787
42863
30304
43629
43562
23002
42272
29733
26476
23022
42021
23268
51361
25755
27111
42991
34089
39401
25945
46186
34475
25707
46446
54876
25633
35353
26981
38354
26903
42200
55131
27370
34768
35422
38993
47519
30583
26465
50853
33692
34276
39785
50645
55323
26606
31589
39595
46621
43369
43231
39469
47664
25506
55710
34335
26336
30044
25566
39531
43758
51297
27427
26985
59424
38812
22439
42903
43348
26905
38489
51285
30101
30168
42836
33707
38254
51219
39518
42323
55324
38034
30448
42582
50731
27303
30612
29992
33963
37864
34781
23026
38163
35378
46770
38311
38499
51369
34209
38705
22901
39456
39057
50270
25634
39148
33815
30417
22898
43357
26221
29971
34918
59559
51679
26150
41898
30746
30445
39075
43627
26666
50784
27297
30991
55520
31650
42925
27108
30415
39199
29610
43174
23266
25898
22812
43053
43094
55322
46999
46488
31460
30162
29982
51026
30164
10276
10343
42208
51566
43171
42592
38369
42737
35483
27560
29735
30191
34608
27026
59035
42706
46681
30033
39269
29972
37932
46236
51099
50591
35683
29743
41895
10736
14117
21864
22384
46422
50653
43942
30806
31207
31318
31344
37729
37799
38495
39395
39597
30633
45990
46512
46704
47344
47459
50347
50792
1516
34265
18588
29925
39208
42527
43373
46248
9963
14878
17627
17965
47343
18653
25706
26166
26970
30054
30301
30496
30513
27295
43361
26010
50855
30550
26028
30637
46936
26854
42797
31466
51225
43567
38612
31388
39786
47280
34146
38428
29726
46252
35629
37996
47326
42513
31280
34068
38167
47721
33898
43238
39389
26839
47707
25953
34283
58987
37910
43163
46379
30126
59042
43624
43484
43054
29910
39381
31191
50658
26258
29598
26709
26712
30901
26718
34217
46057
27290
30743
39583
34129
42153
27055
38685
47533
43301
54631
31521
31456
42543
43569
46434
46105
34854
51693
26410
26411
43304
35365
23029
27497
39134
33953
22247
43879
46110
34159
46361
50663
42411
41961
18985
46188
39911
29862
43159
55321
47131
26593
18905
39711
35104
42020
47206
59435
46684
27304
59174
47275
30369
38738
50410
18915
26792
31525
42843
43568
47511
33822
43410
25883
42154
54820
26671
33948
39450
54807
33810
42147
59686
26862
42714
34349
43024
50854
42855
51295
21475
29839
25838
26012
34901
34345
34535
33769
19102
34326
42915
27228
41892
19166
59242
51740
19232
26469
50593
55256
30686
55587
31146
59106
42404
43307
55392
38299
47518
18728
47717
46611
55452
39343
39582
25840
38677
47331
41962
46375
26663
43162
51480
18665
51360
34275
34386
38805
42964
31334
51367
29792
31054
51614
55272
18669
31057
35287
34391
34902
22246
35282
47380
50782
18862
26160
29662
42606
18849
43026
38165
38609
43564
55534
22902
30245
34583
30803
47447
41830
22050
18714
25836
33818
55269
22318
26337
55341
55653
27231
59693
42736
42792
27030
43477
19041
34833
18977
47214
21985
43882
26708
42866
21992
22316
29937
34672
35086
42516
42654
31126
22564
42084
55580
22051
22052
47334
26286
25760
42412
42918
22626
35379
55319
38225
22309
22310
47409
38514
43563
26029
23395
37917
27432
31149
31262
41834
35308
22187
59749
25834
34156
38439
29674
31190
54814
34199
31408
54892
34639
55598
26324
26711
46185
23088
30234
29538
35023
35181
46942
33896
41964
25830
23017
31398
47185
54566
31211
35221
38676
29842
35108
27120
22184
37731
22448
34389
34482
51546
22508
29849
31079
34647
34920
38990
58986
34264
34770
22949
35420
42722
43819
42327
25709
26144
38699
43551
46694
38110
21530
22182
42850
21533
29990
47202
54558
26728
35103
33752
22638
25692
26980
46930
21594
42447
22056
23148
26034
31257
51755
43738
46499
47078
42093
55065
31251
26290
26590
34894
38748
38992
59178
22875
37737
34287
38060
47657
21730
21732
34453
26341
34090
39529
47122
35180
31472
55853
37739
43370
38423
30309
34989
30636
51883
35185
50903
39132
43364
46048
26277
30324
22243
42975
34912
43491
51351
18354
51440
14257
34023
43288
38364
14244
42210
26868
30707
14509
30048
47778
38928
42150
46503
50736
14195
59102
39713
22192
47852
38291
18713
31066
30899
31218
42270
47525
38575
43421
27229
30869
33749
43873
14306
22953
26293
34603
55719
55909
14253
14309
29607
34670
42532
39650
39845
27105
46738
47522
47777
30871
38741
46880
51624
59053
21614
22262
30057
30317
30694
46360
46383
29780
14491
18163
51116
27178
21676
29794
34031
31584
37994
42787
51479
14178
21540
37919
47395
23092
31467
35292
35312
29855
35304
50333
14241
59750
14189
29913
63590
18162
29664
50847
50988
55337
55064
21531
30696
34450
26909
37856
50582
18031
18719
63144
37997
34210
34449
30050
37980
50276
14247
41965
43251
37870
26906
30498
30503
21934
14385
21794
33942
59489
22256
27366
21989
23006
30252
30561
14196
26349
42216
43230
25886
43042
29732
41945
39200
46355
30422
31017
34585
37868
34650
27063
42861
50282
43281
43442
14387
47328
17567
27376
21875
34651
50648
14388
14680
38432
38861
46167
50969
18415
46943
38635
46550
26667
39191
47378
47905
55381
30542
31196
23004
26926
30952
34403
46369
31531
34772
34956
35481
14383
34294
26467
33903
37869
50661
35047
14440
21808
50530
54873
18147
18468
26538
21798
31397
47186
33830
14439
31343
34218
35036
26661
38877
17500
29777
34160
34401
37929
14428
18289
39445
26705
42417
42657
50644
55386
38739
42670
18149
34519
31395
34524
30873
34220
51247
54693
51157
54442
55456
22510
46881
14323
26842
18284
59233
55910
34021
46830
30684
18153
34962
42279
42917
50468
54749
34649
38619
39016
50342
34965
29659
38159
39274
35753
31192
42095
51304
47462
30127
59558
39066
46814
43555
18590
23008
14372
18403
26038
55581
22567
14670
18222
26900
50208
50735
34599
14386
29978
14324
35033
47273
37855
38866
51807
42979
14371
38171
50724
46500
42151
51414
59354
39142
18725
22380
39344
55536
18668
38056
39023
42993
46054
47080
47137
50586
43096
54700
42640
31269
34266
34968
38315
38825
35493
38173
38639
47143
43748
34898
38305
38388
18087
58724
58725
18855
29865
42209
50898
55190
25571
25895
31022
31074
34014
34652
34671
42731
47849
38177
42594
14061
22965
26605
42530
14062
42921
46250
54684
22183
26399
42005
14957
14051
34087
47257
47400
54687
34849
14540
39598
42580
31061
34775
42542
14057
14511
18794
34536
43241
58990
30775
38880
39015
46698
14059
27062
55199
43351
47646
59166
27042
30313
39313
39253
13997
51037
13989
30962
34012
34197
34400
25959
31272
42835
59356
26402
55126
18158
55658
55723
23140
26021
26289
30187
30189
34735
35155
14251
39216
42703
43170
47014
47077
51416
54826
39182
43101
43681
14004
25841
25897
26803
34907
42539
38255
18801
39218
42225
51552
54871
55148
55191
27372
31654
34216
54505
37979
38307
51042
42217
46508
55532
22048
31154
34256
54756
19180
22748
38322
38572
38949
39377
43355
47638
59292
14127
14130
29542
30315
46176
14184
22622
39318
38324
37738
14133
14447
18914
30416
37975
43049
55078
43411
14697
35042
14126
21660
42785
26549
54896
54946
55074
55789
59564
42909
35235
39590
42076
43243
46767
47021
18482
21915
17886
34736
38553
17888
23134
30738
50791
14192
30700
22958
46485
29986
42789
47190
47387
14128
18904
22627
39523
39720
26669
55526
21722
22621
25822
55847
47977
54943
59049
14179
47517
51563
23076
46802
18353
22047
26782
59563
35027
42519
42271
14687
26729
31089
38363
39059
47706
51291
14114
46947
43289
50527
30414
43111
46804
46949
21806
26281
43756
22186
55024
14065
34070
27169
51030
14066
14811
31658
33762
55207
22294
41960
22897
23010
25509
26989
38832
39394
30576
42727
30995
34083
34128
51236
22436
22445
22117
26678
38323
30643
30836
37920
38122
38351
26225
39642
14572
30692
47404
34526
34851
39276
51607
47398
14381
34969
42534
42649
34983
21667
14116
31210
38290
39083
47526
50715
22070
34320
26664
29779
29920
42286
47261
21994
25880
26019
31125
46316
38434
50414
22440
22938
31597
42913
34911
46833
26535
30175
43437
30672
30421
23021
18592
38565
29866
55145
26799
33770
34595
43157
22245
27250
33892
34980
51554
54697
41890
55333
25565
26345
34407
34840
43478
14827
27171
30300
33758
31274
42972
18841
22833
26865
29935
54494
30049
39340
51363
46363
37930
37987
46761
26596
38996
47001
55008
26907
34158
43424
47066
38506
46049
14824
35480
42901
21996
26779
46293
51632
39779
14698
22113
22176
39146
42730
47252
14700
51631
51288
30933
22378
25968
55397
14703
42155
47149
21598
39282
59814
38504
47187
46624
17504
26413
30383
35303
38737
22573
41833
42600
42865
47719
50341
50605
50981
51045
35183
14748
29805
30626
39324
50670
54874
55389
26706
35116
43298
22118
34259
37991
38640
46950
51427
54501
55775
30761
43672
30172
31129
33940
35356
38698
46952
51625
38054
42259
39509
18540
34034
51882
26351
50775
37915
43285
55062
30134
46365
47402
42334
58791
51544
58731
58861
42515
26676
30433
31331
34517
34406
19169
26913
17436
43751
21597
34223
51630
43808
54746
18472
38505
47383
38881
35092
26089
21997
46243
30100
39320
38100
50734
50655
22304
23275
30809
31185
42523
34654
17501
42480
18662
42708
43621
55189
23340
30184
51239
35549
43043
34422
17505
18033
46447
55197
17507
43498
35429
43036
33874
42846
42911
51809
21673
42718
43029
31087
17443
17444
27102
35063
38834
30307
50335
51371
54940
34151
30865
58792
46872
17642
42610
43609
55212
17643
33900
26354
27167
46179
55142
23153
14896
18412
39184
30497
14876
39645
59556
31119
30804
41889
43747
18164
39646
55458
34332
43165
39206
30628
27357
39588
46247
47972
14879
21745
14939
14940
47473
31134
33766
34933
46357
46685
42287
25904
46809
35566
35350
43216
38936
43034
55721
42770
39078
23264
38642
42406
42409
43039
43055
59099
51347
63656
22686
51301
26219
26993
39201
23013
55460
18777
46993
30298
30878
43483
30837
30925
35107
21740
21851
47140
14763
31524
34281
31265
31523
42204
59369
50840
30509
55205
51478
14512
27314
25890
30456
46816
26592
30443
59044
59371
34018
14502
14643
50596
59370
21929
18667
29675
43106
14506
39131
25630
30762
14556
22005
50413
50471
51226
25577
26707
55643
26871
43679
14544
35548
14553
27116
14554
25703
27495
30377
33879
18094
50268
29903
38957
21982
17698
34835
50402
21729
42704
22322
30431
33705
43617
14541
21924
26217
46182
17509
54809
18971
30321
34071
54567
42719
31457
14390
17894
51031
23090
30926
42135
42462
42074
43175
54696
18655
26449
31458
14449
17634
25582
43158
30455
14441
26009
51484
39211
55260
35689
47973
47390
54883
38818
43363
14445
46680
14451
39780
26797
25637
42799
50858
25823
26861
33637
34741
55511
22441
18651
33834
34028
38615
14503
26921
31400
38867
46177
38872
42726
14479
22058
22442
27040
27103
29778
34839
34852
37999
43565
47089
54822
31410
35309
43739
50906
42906
50902
14635
14636
27493
35358
26933
26977
26984
35239
38288
31389
55193
22177
14640
21810
35060
38765
41959
58920
34035
38128
42641
43628
14624
55265
34076
35158
39060
43110
37797
14642
42320
35037
31148
26529
42578
46762
17964
22251
34462
35159
35487
38691
43314
47703
59616
17696
23072
34081
34926
42982
14683
25826
38942
55530
14685
39019
42405
46118
50907
34346
39535
47406
26734
31590
26852
34292
35500
42928
46305
51111
25751
51496
17773
22116
26725
33875
34414
43880
55137
22755
43349
34539
14767
30364
31018
34734
39247
47573
55021
39275
18097
42352
46117
31152
34161
22876
26154
38357
30302
30823
51545
35311
38951
43282
46813
50338
39213
30757
31346
14577
26836
51100
55326
59420
14571
43032
33936
42277
43290
34065
39022
50794
55262
25900
30814
21468
38381
38190
38931
47712
26355
39072
42795
39449
27155
42023
59237
31203
34717
34214
59498
14608
38800
39144
42269
50405
31062
30289
39537
14617
51294
21723
30963
39143
51694
14880
47650
54438
54440
54998
55146
59114
5745
50862
54885
47313
17760
22049
25691
26990
29928
26452
27312
33708
34417
31585
51873
63203
63459
25515
27488
17762
18970
29991
30257
35479
35368
13533
14325
39209
46228
51223
5802
10095
10279
51056
14312
38622
38693
39464
42451
43236
43499
46181
26851
42390
51547
54951
55339
5805
10608
13536
54829
5874
18927
18910
38293
42202
50652
43549
43878
58988
5804
6443
14492
51746
26405
5801
9695
37982
38429
39591
41829
42325
39205
55387
14581
18796
22774
22827
26161
50215
54759
38898
54437
42971
47065
47276
50860
26080
30320
38809
42778
42803
30807
47908
21672
22820
17971
21856
21937
26025
29596
29666
43493
38498
29936
34258
42591
46557
47848
50719
54374
5743
27164
25943
26291
26356
26867
29974
30325
50861
51027
27163
9897
14319
17831
17896
22762
37928
37933
50283
50397
42833
43810
43815
25695
25879
17434
25950
27027
30186
42418
21932
30936
31258
51609
5746
5869
17646
22647
22891
14242
47718
47912
50329
51491
26976
27104
30174
10216
10528
47516
14517
17565
33946
34354
34601
34795
21860
22560
26285
54824
46953
50206
51170
38561
39140
42482
46047
46116
54698
26541
54947
55273
55340
55463
55467
55522
17633
22947
25966
5808
46056
50725
54492
55646
38445
43099
47514
55660
59552
39156
6320
9582
58860
5809
6378
18920
30557
33814
34155
5810
42525
42958
43185
43215
30237
30943
33694
33821
6319
46642
10589
22634
26996
29808
30887
10286
38966
39008
38607
38061
54565
38321
39138
39332
39663
42321
42929
42930
37862
46818
47254
47470
47663
47710
51048
54373
46746
31462
47017
22321
22750
26017
26416
30673
31319
35085
38629
42133
33765
50460
51550
43177
30929
33959
34080
35189
35431
21792
42986
46381
46442
51033
55124
55641
55911
5807
18732
39716
38257
27029
27184
29788
30190
30575
30812
30829
46234
59051
35220
37908
38101
38189
38501
55527
55591
55713
58728
47907
5806
18409
21871
22383
22559
22578
35032
38862
33638
30701
5680
10285
14197
23402
26146
26914
27049
27300
30745
34094
34139
34402
34596
35054
35692
51242
38102
39783
39776
39447
43413
43606
46190
39193
31083
31212
34322
37805
43612
42222
43025
30368
46835
54936
5675
9649
14941
25640
54702
14892
43226
18800
22060
22124
22125
22191
22377
22447
13537
55330
5679
13403
22135
22758
26406
26597
18165
30264
19168
46876
47647
58910
59179
31278
9647
10028
14702
18278
39393
21809
39154
35291
55329
55787
59623
5681
9836
42319
34478
34541
34726
34797
35172
35249
35314
55088
38555
35691
43091
43279
43344
46297
46807
34476
37981
38937
42322
50835
25642
25775
27435
38511
39390
46757
47141
47151
47709
42800
43436
59366
5674
13678
13996
18603
18908
22503
47465
59879
5673
17570
27054
30104
35115
35120
35558
10415
30062
50585
59363
18533
18638
26580
27308
5677
34134
39380
22687
43504
47327
47379
46509
63202
14751
18082
18405
18718
34020
31145
35244
13869
13876
14516
18410
18790
29798
5740
55845
5682
13726
22296
5741
14124
46254
47391
47452
51944
18703
21537
38370
38387
27168
31656
38752
39522
39575
43115
17573
29799
29906
29908
30227
30479
34347
23080
26672
59164
43496
46556
50714
50968
5739
42142
43492
51879
31520
59101
5742
6575
14644
22387
54764
55655
30570
31220
55644
34829
38735
39005
34640
42274
39219
46060
46121
47846
17632
42779
43821
22326
26853
30244
30613
34357
35100
17377
10605
34383
35283
35563
39085
39656
42146
39011
39118
30959
30261
30514
38259
38681
38960
39024
42336
42774
30835
51246
46053
46425
47194
47249
50459
50479
50544
38244
17902
30773
34145
34831
34960
35089
46549
54757
30515
30578
30771
23328
22771
22831
22832
31073
34514
46962
47653
50521
22582
43479
5737
27499
26613
29661
29870
30196
30260
22452
39400
22624
42213
42457
46486
5738
5865
6120
14609
14814
50528
34673
38491
38492
39463
39589
39601
29796
31150
46417
34773
51101
51437
55640
5736
22706
22766
31026
35415
29904
34353
38185
39405
43118
5991
55275
5995
13791
18854
31341
39647
42658
47976
55402
5996
50400
51429
6055
13994
22200
30169
30614
31392
34662
35174
39473
39658
42651
42962
14826
22754
29806
33889
42007
42086
42453
46377
17691
29672
29785
51161
6058
18217
22375
23005
26015
26033
27309
27310
34977
31253
38194
38448
39844
46173
47911
50403
54686
5994
50904
34221
29722
29981
31121
34998
37934
39317
43622
47582
27188
51311
51549
55781
5993
9521
10349
13661
29731
46821
50532
59357
59621
5989
42854
43044
43088
43186
46123
43431
50207
50475
33697
50833
51688
51939
54633
54959
55712
38247
26287
26604
27227
30833
30947
34009
34542
34862
38095
59296
38815
39281
39346
39379
39459
41893
42268
43150
30942
18857
22817
22828
23003
26209
26342
26514
26911
27246
18721
31006
34226
34704
13941
18675
18793
22682
26643
26777
51485
6321
13741
18974
30953
31199
39076
42391
43294
47388
10031
51741
59433
5992
14256
17960
23329
18221
18534
15005
31067
35503
46887
6122
9956
17841
18156
21995
22708
6121
18923
21852
22054
22639
22683
22688
34338
26159
30755
38048
22942
27226
30288
33968
34144
34411
34470
34964
37913
30825
38111
38932
27114
29603
29738
30356
30379
34098
35416
39120
6125
21796
21869
21933
21980
21998
22062
22127
38483
22390
22579
22645
22704
22705
22711
22767
18990
43694
6124
31411
31454
33937
34405
14054
34661
37795
38707
39268
14070
10021
14569
18036
22874
22964
23085
34516
34870
38636
47212
51482
55401
59107
9969
14750
22943
35151
37969
47145
39725
42769
46292
6056
9579
14069
27244
29716
30228
51308
35058
35501
38042
39280
42456
42914
43092
50543
50789
38938
14365
27313
30250
30350
31028
34722
38052
46886
19099
41886
42609
43155
47067
50209
50917
54635
6059
13872
29985
23197
23330
26665
26973
29970
38418
13456
13532
13812
46055
42072
6057
18786
22838
30373
34846
39849
42068
42642
38115
50779
50911
51112
51173
51494
6123
18470
29874
39443
59176
59226
59618
5872
6509
10539
46569
35498
35552
51742
39521
42470
59496
5873
34280
37986
38479
38509
38772
47265
22951
23084
42577
31216
34284
34582
34771
38050
47189
39327
17378
5868
22002
22620
29678
29786
30232
30418
14053
29996
30993
38557
38742
39461
50863
55577
5926
51047
25812
37911
34351
34397
34531
35218
37801
22314
38488
42472
43379
31588
46170
46435
5871
51481
54808
54937
59368
5870
26983
22886
13868
51493
51628
17821
17959
23012
25451
25938
43217
27091
29840
30061
30563
33999
30898
35490
35553
38120
26904
45993
47000
47279
35366
50914
59046
6060
13663
14304
37852
21916
5866
14955
18350
26230
27306
27375
31335
35427
14576
39468
42264
46635
47195
50924
5867
59747
26018
42840
37998
38644
42711
42788
46172
46548
25767
42136
42354
35372
43152
46428
46957
59423
47578
13421
13739
14634
18220
47913
14684
34480
17630
17952
18783
18844
27039
27241
30888
50274
6700
17376
17497
17766
22883
23202
31522
35090
38107
21733
22749
42842
34927
34929
34992
35097
35295
35616
13803
46298
38183
38367
38771
38816
39411
42608
42673
25825
39403
42144
42535
46304
46498
46552
26540
34588
35305
39093
50396
42199
42414
43047
10479
47524
55196
5930
13801
18088
25512
26536
30822
26149
35306
38804
38887
39202
47595
18337
18208
34543
5934
17897
18290
18863
21939
21990
22819
5933
55067
59104
5932
14378
39851
43167
34705
46495
47410
38162
9386
13522
25567
25772
18215
5935
10730
17889
38628
47850
17572
25948
26272
27501
30611
34387
34459
29929
23278
39014
43299
43874
43943
46437
47020
42782
35234
38961
30306
50597
50599
51046
33966
5928
22376
22565
23001
25578
42655
35045
35442
42659
43423
50588
51739
5929
13658
47203
47720
38245
18399
23201
30063
38032
38484
42416
43557
46480
26275
26863
30689
30740
31407
34095
34341
43500
38051
27090
42845
46693
55069
5931
5927
14770
22569
22962
23215
22689
29859
34774
47454
26099
42392
43224
43689
46291
41956
1964
26774
47399
1896
9709
26004
26151
26788
26847
1897
46494
50466
51362
59036
59290
34974
35413
31136
31193
51757
59045
1836
9645
18779
30256
47082
47148
50541
51117
43427
51819
34703
38105
55780
58796
59301
59302
1898
9648
31138
54504
55531
42140
42802
43098
43166
43746
43876
1961
38709
42459
46629
46640
46740
46810
46877
46691
47248
1960
26859
46939
1900
1962
39251
41888
18715
21670
21739
22112
54818
31463
46299
46426
34415
34421
35088
35316
35748
38366
26153
22963
23011
23199
30065
30171
30199
43740
43744
1895
46433
50408
51235
54562
58975
55149
58787
35486
37804
18546
35754
38380
37789
38927
42335
59367
1831
14377
18531
37921
55129
59486
59500
42965
43116
1832
2025
18639
46229
33751
29721
30316
30380
30890
31007
31071
17966
18279
27179
51370
59428
1835
9903
18404
33837
38361
43435
47133
51806
39337
41826
43550
33754
34642
35245
43811
43812
50275
2026
55073
31086
14313
18465
18543
22623
26162
26284
17756
2218
5553
35310
42402
21919
35150
38946
2024
13402
54685
19050
18850
21861
22806
43305
22746
29741
31070
34148
34869
10159
13873
33950
59110
22111
22498
38485
29853
30124
27048
38108
39153
42156
43673
21662
50520
51240
54629
2143
59361
2081
18976
47449
46232
2089
5549
22815
34513
58723
22703
23196
55583
58922
6252
9842
13518
17435
18738
10484
42794
50392
50979
59421
5357
9780
9973
58972
10292
1963
13601
14245
18909
22185
25763
25835
47774
55524
51230
22821
18780
31526
38631
38940
39726
46443
47008
47010
21603
55004
47127
50461
55342
55975
59175
2023
38753
38893
38360
14429
35624
46563
47011
25769
30675
30384
31072
37866
37860
42598
42775
14574
14895
50966
51415
58730
1899
42008
2027
18843
42090
21602
25629
30108
30388
34982
39203
47583
31516
42011
51872
59436
17957
31270
35167
42009
47072
18345
38248
38507
38630
38633
42218
51744
54573
1959
18021
35686
26152
34674
38494
42029
27358
31088
42772
43097
10277
26982
23138
25907
26741
34356
37993
38965
39284
51412
23007
10350
13930
27097
33636
34263
34713
42605
1633
6313
46996
17616
31285
35349
35492
37849
43545
30493
30994
33878
6322
46998
59425
59625
1634
1582
6444
10591
21789
22948
30545
25962
29478
46561
51029
51283
14891
26660
26966
30036
22937
42207
42895
50219
34971
38696
42920
42960
46444
14707
55252
50660
51306
54812
54895
1644
29728
29861
30115
51159
10416
55335
59298
59488
46107
46109
46359
21737
21800
10654
46237
51053
51353
54816
51615
54434
54507
54557
1568
39266
29997
30478
30035
42388
37995
42464
47381
42342
51738
9778
42341
37793
50851
46889
50709
38166
51221
55188
1567
39204
10474
10611
34836
42132
50273
38109
38314
38762
19167
34092
45988
42449
35357
42545
38297
38564
42193
17755
34455
22134
22198
22628
27491
29860
35241
35317
35432
6257
42475
51293
50785
54942
30558
30572
46758
30808
38620
55652
18227
43377
39387
50711
46424
50839
47975
55647
42215
21539
55336
58726
58794
1768
6186
34845
35021
35052
13583
54958
34967
39026
43161
26477
26542
35250
42454
43415
47648
10590
50774
51756
55086
25757
34075
34267
35087
39092
9908
51355
13551
42767
43219
43497
46384
46700
46929
50587
59615
42343
1771
13675
18019
18212
18407
38994
42724
43820
41885
1834
6701
14568
29804
29599
29601
34277
35495
35505
19106
51417
42469
43287
47776
1833
10732
13404
18017
18595
25581
22877
22941
21348
30507
30621
38999
39581
39593
50583
29854
29995
33832
34847
39398
39475
42223
42978
47580
27374
50901
1645
10291
13988
14508
25572
26656
29742
34420
55144
25684
17969
23086
30437
31322
34518
42768
43104
46682
34675
1643
6248
13722
13939
51368
54692
55204
27368
9642
42603
1770
5358
15006
26858
27045
27046
55334
1705
42082
17961
18349
35491
38568
42025
1767
13934
18479
21805
19233
34858
34910
46617
47211
51168
51422
54758
17693
18086
27115
1769
10224
21922
29851
34452
42014
51677
54944
38420
46612
14307
47385
47787
50477
54630
54939
59358
5551
46562
34147
42069
54744
5547
14183
21535
25762
46831
39579
29809
18084
21867
22757
22760
23009
38925
26964
29744
29807
42395
30056
30060
30573
5936
39378
39472
39513
39648
43503
13593
17372
17893
34164
38427
41947
47594
55600
58989
5550
14187
43412
18286
18731
25516
27107
27298
29782
29848
29600
5678
42735
43229
43809
5548
13616
31592
35095
38113
42348
9834
21550
37976
39155
51163
50399
5610
10409
10547
35175
42467
51497
51560
51745
5487
10213
10340
18154
42346
50601
37912
38041
38065
38241
38868
39710
23210
43430
46178
54493
35029
38997
42399
47773
42576
43292
47264
47325
47840
47084
5545
25819
43438
46438
46865
47281
50277
50519
38038
22180
23067
17628
26770
29922
31217
35354
37972
37973
14942
39338
42092
43037
47382
50148
14321
27424
14765
5990
42974
47386
47917
5546
14686
31159
27438
30305
30376
39384
59620
46294
46366
42260
50864
50929
5489
9439
14894
34355
26220
26283
26922
26988
30941
17626
33704
33951
34029
26098
34416
34460
34465
25903
34390
34707
35243
43501
46608
21744
34834
42781
42844
42900
47329
50780
51483
5612
55390
47088
22065
22126
22130
22133
22193
22260
39723
26090
5616
34195
38389
55589
55599
55650
5618
47397
42780
47451
31131
9844
10472
14379
14579
31027
17771
18342
18657
18674
31653
50778
33640
5614
14570
14943
18348
22046
26724
30622
17704
50730
50852
51358
51626
5617
5676
14131
38123
26784
37977
38371
42710
30053
55459
5552
17699
25958
26778
34985
30990
18776
22646
22707
25882
26612
27126
34468
35254
35433
5611
13554
14258
14496
25949
26901
35227
33635
33767
17776
38059
38127
38442
38487
52009
18978
25710
26534
50394
47512
50401
50965
52008
18652
42338
46423
46439
46896
47389
50523
54624
59434
55718
5615
6247
10606
13617
14481
21787
39474
42089
42834
43615
46565
50522
5613
22558
19036
33888
21984
23149
25768
26014
34584
38704
38610
39090
27249
42396
42963
43022
45986
46180
13877
14830
19103
25764
38239
29909
30185
30290
30863
31583
33955
34224
39256
39530
5423
43286
43813
50651
50710
51542
51754
55081
55141
59494
42987
9770
13745
14067
21803
22053
27369
29911
34976
37971
46958
51673
5422
29720
30800
31077
38385
38563
38679
38892
47004
47345
50218
55521
59487
54999
55533
5483
9708
14621
39784
43759
27235
30358
34769
34859
38802
38948
39273
39399
42994
42647
46448
50786
54806
5482
13657
18406
46231
29930
34669
34986
35156
38121
10604
5419
22373
26908
29783
2220
34196
42275
39147
46678
46951
50970
51050
51678
5420
50526
23087
26035
26226
26229
26856
27121
30767
38125
50525
10025
2219
5744
18601
18604
21675
10160
34192
50798
34461
13600
14322
14454
14575
18159
21850
29977
30676
31064
5421
38933
42073
43685
34660
35364
35369
35419
42857
42859
39458
51439
30310
31326
33774
34720
34842
35034
38510
18802
17712
39467
43182
43293
46637
50542
51038
46934
50923
63589
34924
35561
39062
39123
39335
41831
23091
55915
59688
34906
5484
9772
13744
17705
34903
18525
21921
26071
26772
35179
26800
26806
42734
30236
30319
30512
30703
30704
34803
26793
25818
30047
30749
33812
34261
34701
34897
5486
18218
34776
35050
37803
39074
46307
47268
51356
46894
10027
18402
18471
21742
21791
22694
22818
34706
27359
29546
29983
46683
33750
33835
55842
18537
27430
29791
30996
37786
39533
26743
50727
47019
55579
5488
6190
18029
21854
22114
39127
59038
5481
5803
13926
18535
18717
21797
39082
39121
54997
39331
39397
39527
39594
39654
39655
42522
46311
47788
26485
18098
18797
18860
18861
22324
22502
22644
25970
26484
50967
46489
46686
47457
50391
50453
50770
51875
54490
5485
34581
35022
37983
38703
38706
39283
39336
18411
59228
51608
10799
18083
22752
27236
27299
34525
26547
26736
26737
34219
51558
54932
55512
21738
22254
22320
29934
30819
33961
14375
43023
43123
46820
47207
47772
50150
50787
50841
35229
34550
34605
34606
34607
34609
14545
34677
34724
34867
34545
35252
35484
29907
34546
38750
43680
46492
50343
51229
27423
46690
43618
50581
54617
9706
18528
23024
25507
19037
9711
35370
59437
9707
31144
33811
42652
38447
34486
33695
38513
38749
38763
39326
34464
26223
26674
34657
30447
38382
34413
14543
14181
18539
18846
23327
26091
29725
29969
30690
27154
42461
51036
54618
55405
9965
14641
42332
30246
22188
30739
34780
34841
34896
35184
30381
35499
38379
26963
39061
39136
42959
46238
50537
9694
59429
9650
18664
38801
27436
30565
33701
18469
21991
29912
30243
38182
46184
26719
35367
10087
17437
17439
18476
19105
25443
25952
51435
47338
33771
34273
34594
34892
35219
35281
30832
38376
47076
38989
39659
42922
43181
50905
26145
30736
38764
42526
34289
47079
55790
9713
25944
18795
18924
18925
21724
21863
39341
23326
22504
26156
42771
51092
51096
22940
30623
9705
51940
42289
43541
46295
59293
13680
14769
26404
25901
43488
39652
43367
46052
46883
47472
50592
35750
39145
42667
39056
46631
50772
51421
26157
26013
26662
35296
35298
39067
51567
46558
22000
22816
25833
26350
26401
29919
31594
55468
42899
54877
55708
9776
14699
21469
26086
9771
38242
34384
42141
47025
55471
55777
9775
14825
26979
30224
30387
38769
37909
43610
46628
46832
13672
18214
18610
25708
25778
21349
47509
51097
51109
51374
54441
54560
55023
55208
55270
17644
59117
59364
21866
26087
26924
29924
30562
47274
43109
14438
18726
22572
31250
34908
35284
35417
42205
43057
14243
43223
47018
50539
54503
58795
14682
22509
30932
31123
47152
35178
46251
46303
46834
50659
59619
9768
25956
46961
9715
47216
47909
50151
51104
35301
59291
9714
13662
51162
42796
9773
9839
10086
18157
38617
42537
47270
50859
42512
9774
13597
34469
14810
26276
34728
39126
42257
9769
47191
42337
42597
42607
43151
43303
43376
46115
31063
47073
55651
50531
50671
51436
54881
59753
21981
14063
34905
9569
30097
26513
26657
29968
33881
34150
38384
42725
43156
27187
14068
18792
22813
26079
33890
42261
43372
30499
33639
34278
38896
34457
37970
38227
55268
55585
59240
10601
13673
33763
35119
35169
50269
55083
9581
30226
31396
26733
14542
39068
42924
30880
31209
39133
47649
50790
43674
9710
35620
26168
26872
26899
27237
31090
35299
38193
43297
46255
59493
34540
38169
29663
31213
34527
50340
54763
58916
59173
34798
9580
23152
25505
37923
42385
54767
26415
27234
27031
35489
39188
47467
50706
50857
47585
55080
55450
26296
26776
29604
29914
30802
30629
30758
31533
6184
42398
42458
51286
34730
35096
35161
51821
54830
9520
19101
25513
50972
46382
51814
26407
26910
34078
34512
34612
26212
26515
46994
30549
43306
46436
50538
51176
26775
46760
46891
43429
29740
58912
10356
10418
18223
18865
25972
30949
31323
31386
51115
47323
39196
39404
42460
46811
51556
9519
21928
26279
47197
51245
51565
34333
34398
35224
38549
38674
27050
34994
18919
19038
23276
43683
27292
34212
34385
34576
34832
18670
35112
22371
30066
34025
34149
34710
34987
39055
42413
26343
47271
9644
26167
34792
50836
9902
51171
18287
21666
47601
30110
30625
31001
33965
35352
10669
14442
17636
35165
21664
27025
35226
35550
9893
29852
31092
31281
31332
18973
38119
39322
26598
39722
41900
46768
46940
47453
54832
35247
58973
59359
13681
14001
14255
14605
18160
39222
34853
47150
42668
43296
46513
51034
59431
39455
9843
13546
34767
9584
22900
34064
29723
29730
29932
31147
42985
27248
14746
35173
38417
39657
43540
50984
51089
9586
51231
51244
26095
59418
14505
26841
23016
29673
46501
9643
21350
25573
55659
27162
46241
47575
46932
47407
50524
9583
14443
14122
34091
29787
23146
30495
34096
34352
39325
39514
42463
34086
50345
51222
55586
9971
14480
18986
23139
34026
51174
9646
25941
25973
27240
34993
38433
34530
34783
42896
30811
51498
59169
34961
35376
10473
27051
29921
30688
59241
34474
34532
38300
35238
38695
42273
50665
50916
51684
34152
14622
26845
26931
30238
9905
30885
39217
42018
46954
26323
9907
31461
42587
42992
46421
51172
55716
31055
51945
39089
34079
34613
34850
34991
35044
30702
31260
30877
30111
34293
39312
42926
46296
46168
54626
9960
10092
26083
31345
34972
35182
29609
30559
30764
46106
50337
9957
21862
59501
42546
50535
29847
31261
34392
34979
38222
34005
46440
47444
13548
18483
22764
26348
27094
13596
14567
29864
50540
38751
39321
30389
31023
42666
42801
42970
43120
43875
38623
30632
30818
42907
46566
46675
47139
51044
54762
26094
38353
43309
55084
9901
21601
22512
39391
46301
34793
38230
26096
46937
59300
21993
54688
9900
34593
37861
38377
29475
50334
50974
51237
21930
26295
17694
18591
22745
27561
47534
9906
18574
29545
22570
30371
30390
34957
46884
39018
27123
13940
17568
21661
26642
27426
29536
38313
38383
26932
26077
27232
30544
33759
34597
55404
9904
47342
47529
47215
38955
39724
42966
43945
46235
54691
9968
17506
47023
30004
47716
58970
9970
14446
21596
30353
39183
39412
42016
9964
38106
38320
38562
29677
33935
38378
46378
55274
55642
51424
14317
13519
14623
21541
21529
25447
26780
27233
46677
43368
50721
51820
9972
26282
50217
10022
22809
33876
29793
46697
10020
46249
46751
46808
46875
46895
50212
51555
18526
54491
54821
54878
55267
43371
37857
46960
13520
17822
30419
18975
26837
42961
47068
47904
14056
18530
25816
31652
34279
34484
39073
50834
51169
30644
30708
30839
31338
42400
35497
35751
38546
30511
33957
34208
31471
33887
35043
39187
54748
54760
59303
46615
13810
22451
25885
30005
38962
35102
39453
34678
35496
37914
38310
38560
22249
35025
39781
38180
42589
43676
46763
47723
9962
46822
47446
55711
35685
46230
50722
50900
9966
55724
58852
59624
29933
30045
35121
14437
14833
17769
38554
38759
39267
39715
42847
25837
30607
30989
58856
10096
13743
31333
38365
35176
47124
22681
26840
27093
29980
30486
30815
38118
43178
46638
18095
47200
51489
51750
54954
55123
14832
59229
14633
26257
9833
43434
50781
18778
26594
27110
30355
31032
33831
50267
27043
10737
46171
47013
47384
47783
55134
58859
9840
22959
26292
34860
35289
46609
34282
42220
47335
51160
31451
51495
27555
35154
38453
38945
42015
42344
26653
51433
55077
30642
42157
9835
18906
43547
29739
30038
30123
30378
30574
42860
30881
51054
38287
38292
38701
42968
47132
50718
26359
30318
30827
38680
42538
46113
50976
22710
25639
25750
27428
26602
26679
26714
30699
34533
35569
35631
38304
38950
51155
35053
43237
47263
47455
19042
26808
34334
35546
50668
38956
9777
17775
22250
22258
22625
22772
26421
26610
43440
34791
39407
43093
46868
30747
38497
55446
42723
42849
27230
46559
50214
50989
9837
25902
10341
25961
31468
34074
42083
42593
43102
31197
34073
35163
35440
38573
39383
41950
18228
42773
43056
43561
50987
54556
59680
59685
9779
50529
14762
10793
18089
27291
29612
29869
30114
30253
30510
51613
59177
51248
51438
51813
9894
13659
25896
26790
21857
30451
51243
54495
59629
14695
35188
38686
26935
29923
30178
26846
30960
34331
34269
35443
9896
43678
47192
51564
18911
17581
51488
51562
50409
50606
50980
59050
9895
9958
13864
29863
22115
26795
34782
35098
39586
50455
42862
46046
59817
27243
30435
33969
34137
47392
47508
59353
59614
59745
50518
9898
10796
42085
42160
42729
43553
54813
9899
42783
38865
26543
51057
51094
51617
18848
22388
22960
25759
31340
34790
35038
38063
38240
38544
39409
26075
43505
43558
34088
21736
22575
26340
26007
30312
27301
29797
30741
30968
46240
34225
51154
51158
46817
47468
59098
29734
31060
39130
54554
34522
34534
34547
34864
34913
35186
14060
14120
51696
39717
42131
42267
42712
42852
34270
34483
46308
18092
47003
47056
47317
34466
34656
10036
10548
14384
17837
38294
18280
39528
43059
30370
43360
46354
46671
51095
30883
46806
22882
30034
30939
31263
38039
38421
42415
42665
42644
33962
35424
46750
54879
17379
18101
27109
21743
25749
43482
30229
31273
31276
38104
43027
41948
42529
42646
43353
25813
54952
55082
42540
21734
26357
26744
35438
39124
42602
26278
43365
47184
47408
47790
50464
50650
55259
6377
55383
6318
30000
38064
38308
42643
42739
42784
26807
46364
46546
13927
33772
34548
34664
39643
6441
42713
43235
50964
51946
29993
22179
25828
39314
34643
41891
43117
47063
50992
55002
50842
55018
59034
14631
21613
21671
30889
38550
13740
50788
17887
51423
6314
10546
13420
17697
18273
43884
47320
50667
38289
25697
31527
33753
55398
6316
13854
22119
25756
34000
51178
38700
47769
18401
26927
33873
34921
39004
47705
50281
35110
14376
31010
31069
37927
46823
51441
59297
6317
50908
23214
38303
43153
50647
51610
6312
6640
18606
18413
23145
25817
55595
6256
13676
26081
42984
50771
58923
6315
13942
46702
42786
9388
55320
13929
14452
18099
18789
22190
14620
27496
14448
34659
35160
37798
38317
38515
43428
43745
26339
26917
26994
27159
27557
33839
34327
38158
42908
43041
38829
38963
39534
42339
42514
46755
47644
6442
13660
22511
59492
42145
42705
46870
46613
50713
50971
51432
54934
55596
22444
51629
42916
43346
43350
6448
13609
13665
13679
21979
51501
22888
30051
30170
30927
31517
31528
38116
38373
38618
41894
6445
29724
29989
6446
22822
31320
34022
34030
39210
38547
42450
54889
6447
38252
39271
42599
50990
47598
50470
22892
33825
42013
47322
51428
54499
54745
6380
17825
47059
30759
25450
25569
25693
25694
26155
30774
9516
29790
29975
25877
47201
47642
50797
54956
18291
46577
51569
51884
14766
38164
25906
25942
18969
6379
9323
18477
22505
22571
25510
33813
22810
47521
25824
27101
30180
30434
31012
31535
34997
22308
58906
17895
30225
30820
31402
37988
39220
55317
55727
58847
38186
38616
43806
46370
23078
47024
50272
54498
55470
21668
58858
9712
35117
18840
22069
33899
55009
6382
46938
46111
31219
31221
31586
34916
38000
38045
34786
43616
46050
47460
47915
50598
51118
51167
6191
13549
21470
22311
59752
55907
55913
59238
21679
22434
59365
59427
59617
59751
25766
59881
38500
38869
63654
6189
9585
10544
14125
14558
14745
42081
51364
51561
59041
6192
9578
26975
10477
13535
35625
18024
22685
25645
26798
42650
34343
39452
42837
42858
43752
26802
27100
29931
55784
34844
38569
38708
39316
43352
55850
47120
59299
55209
55331
55720
55722
55779
55782
34200
50915
26294
30893
30903
30967
31030
31093
26739
26870
29868
26100
54753
58788
58921
6187
26603
30705
30709
51090
51349
6185
14254
30099
30166
30930
31059
22261
43239
46676
46995
6188
18979
34222
9453
39789
30130
30133
30194
30197
30374
26482
22894
22961
23151
51621
51812
55138
55139
26358
26419
47461
22768
22773
22830
22836
22893
63525
55786
55843
55846
42790
14671
17708
17839
18799
47640
47844
39010
39587
39778
6193
45989
55202
55203
46829
46898
47217
47218
47458
47586
50536
6250
10731
13342
13863
13987
22756
31325
47125
31284
50469
50600
50662
51348
55396
42927
6255
6381
14453
25699
47448
47775
54622
6254
10408
17562
18209
22437
23073
17706
27035
23144
33967
35059
38444
39512
41953
54682
55007
29667
31142
31337
38943
46314
10091
13721
14812
33819
26533
43345
30944
31271
34895
38576
42473
42848
59294
6258
18463
39194
25965
30751
31014
30683
34712
34970
35106
35565
38889
43807
42791
6253
43374
55645
14701
21600
21795
23211
23332
27176
35373
42129
43086
47979
55588
6249
35423
21678
25884
35177
31279
35216
38690
46302
10033
18529
18660
22945
23200
42196
6512
26472
51553
22563
22566
25631
27494
34027
35559
25829
6572
50284
13871
14747
22562
25712
26668
27439
47523
47713
14370
17441
26076
38449
38808
39644
42383
33768
46567
47660
10538
27177
34848
37867
43164
30744
34016
37907
38684
31201
26532
27099
6251
25827
30003
30120
30183
30311
30753
43375
43108
38871
38929
39536
39664
46706
55063
59165
19104
37800
37916
38226
30109
39087
38835
39511
41887
47142
34463
25564
22568
26971
42669
43228
43692
46189
55013
9387
51184
54882
55661
59499
14493
19039
21347
9322
17563
51103
38296
55848
6639
13656
14893
38298
46825
29856
30516
43366
47403
47405
50594
51307
43691
46320
10026
21605
26451
46312
50712
58924
42280
43485
46112
50463
54870
58919
47075
38814
46554
46623
47330
25702
31532
43686
30193
34019
47643
50211
22132
35377
35441
38874
29850
31536
43743
30119
6637
25628
25957
31275
33964
34719
38878
6638
14444
43220
34203
43354
43817
47002
42660
38811
47198
10023
46493
54886
6636
6577
22121
17508
18146
31401
38049
38614
13538
14813
31078
18663
25698
26986
27489
34529
34676
34708
6635
43613
46166
17510
18716
27373
34272
39091
59239
42384
46368
21663
26216
29474
31255
34856
35347
47530
17635
18414
26023
26074
34857
27361
27434
46491
47770
6699
9324
26466
26838
55072
9959
27034
31143
35568
42197
27174
51289
59560
63524
9454
39470
47791
47910
50393
51182
42075
27364
33820
34644
55143
55276
55908
55912
43632
42283
22263
22574
21920
30055
35125
35246
59682
9517
34893
46483
46610
13999
18536
54632
54694
31128
31329
39323
38446
17899
26027
26224
19044
21413
31000
35749
35752
38195
9455
55726
25947
30375
30566
43818
46481
47466
50149
33642
46803
55714
9518
14310
21538
25908
30956
31135
35351
21999
33773
34262
39520
43291
9515
14513
18538
59362
34325
9451
18224
18737
21853
25444
30609
63145
18210
34133
38235
34934
37935
39250
43052
47584
55462
29671
30392
9390
10716
55070
9389
38964
43560
46739
55079
55135
59495
30900
10419
37851
38806
39263
43417
43506
46747
34015
43554
25752
26103
47314
54935
9452
18599
34655
34765
38934
17898
39185
39596
47726
51183
30693
38888
43168
46756
26344
34033
38710
51233
54869
21870
27161
29540
13807
26280
51487
26471
30864
31266
50848
51120
55061
58978
14607
22199
30543
46864
50330
54559
54623
55195
6569
14753
21657
22259
26934
29717
30485
6513
6508
13683
47061
27056
34995
39525
46119
46506
47851
50843
6510
23075
13786
29668
41957
43169
46616
51505
6511
13874
38755
25832
26193
50837
29660
34966
38375
38641
38746
25748
41828
46819
18542
23082
30039
30103
34201
38233
18338
14134
14560
22006
55648
51156
6570
9961
10153
34515
38415
39198
30615
6571
14118
21987
22952
30432
30233
31081
26486
46306
6507
18596
22630
22887
29605
31065
54755
31409
33943
34520
37926
39584
47250
46687
42721
46765
6505
22633
27500
31399
37922
42148
47978
50407
9838
13802
58977
59485
6506
14320
6573
13405
14374
22252
30105
31277
37974
50669
23066
55253
21474
35101
37802
42717
43608
50726
50348
33905
33970
9832
10856
17906
18727
23081
27112
30106
13747
23132
26412
29737
30357
31469
39532
46120
58925
47058
46300
43754
47146
47060
26517
18144
17692
63205
43816
51296
38570
38112
21725
14495
51041
55466
54880
54823
27490
27041
46800
43187
42648
42466
39448
39262
23019
22744
38097
35315
55382
43696
38424
34984
43359
42214
27032
26995
26338
25971
25511
25448
18148
17904
55709
55535
58984
50993
50664
47781
42707
39526
38577
37733
35682
25894
22879
18864
22438
22067
6576
51881
14123
42733
46736
9841
6574
47138
30564
47074
31204
10607
13530
30501
17647
43246
38621
35024
33706
18091
21865
35230
35237
39846
50796
50799
55519
14119
31186
43439
47336
30879
38160
39029
30840
27311
46928
30813
39248
59490
18025
21534
9831
38645
22643
51568
42661
54933
46175
54433
34866
43103
30505
30481
1581
34206
46246
46869
39080
47535
59243
42329
14252
1579
39410
22581
39454
21680
50926
55590
17842
50728
46689
55715
26738
26804
30748
21873
55140
10729
18034
51874
47532
22699
34999
34227
59170
51559
43682
21799
26611
17680
34614
33827
34011
30828
43183
51690
18292
26546
27124
55011
30352
30446
30697
51815
38582
47464
30385
14259
37858
34868
55200
47071
29795
22194
35253
22001
23213
30957
51543
22295
30567
22386
34931
43425
51687
30263
34358
34932
55597
30247
39214
26481
47069
51747
34419
30504
54893
25839
27125
26418
26740
25876
55783
34800
18784
54436
22966
34658
34740
54506
42980
25776
31021
26102
22385
22702
29998
46380
30706
22195
27060
27061
22196
31009
46507
21741
47652
38899
18926
38773
51039
31056
59816
