# Network with 1000 nodes and 5000 edges
# Format: source_node target_node
330 963
97 166
102 281
818 902
114 520
153 448
447 666
34 268
378 566
80 872
644 685
113 268
247 268
266 281
114 641
269 286
91 923
177 697
514 733
280 566
137 517
393 443
293 764
29 166
158 805
372 505
181 937
778 927
275 572
213 862
31 885
576 685
743 798
473 937
569 645
347 983
201 636
22 139
321 701
692 873
114 896
160 719
27 604
882 889
324 827
475 996
249 424
235 489
455 529
23 606
279 303
905 994
77 317
214 322
52 260
73 319
224 717
465 843
193 384
270 604
41 781
150 953
291 892
0 191
673 957
441 607
12 201
347 420
15 849
483 954
557 903
694 908
702 769
457 672
281 446
598 796
58 559
383 615
350 438
176 551
33 502
828 965
13 35
54 561
17 908
394 629
210 808
70 276
255 672
174 747
317 503
198 811
285 470
436 868
269 462
683 745
313 919
618 737
697 801
843 855
168 945
841 930
200 345
15 70
281 943
385 771
155 989
296 699
870 934
564 635
412 995
527 716
659 872
81 895
301 935
175 530
273 836
188 240
427 485
196 589
154 592
121 415
90 836
150 887
189 549
221 767
40 197
205 530
377 785
657 839
90 957
282 898
208 720
40 318
3 436
252 911
24 495
698 934
736 960
66 613
181 563
126 398
290 735
221 901
510 775
381 853
155 547
675 842
7 154
619 681
341 673
76 927
610 834
344 863
314 920
846 966
711 741
447 668
438 848
218 350
682 979
93 584
841 972
596 912
389 848
141 517
194 343
75 917
372 386
776 964
450 979
169 700
567 746
6 184
166 173
247 512
753 872
769 853
281 998
33 933
74 705
789 916
283 290
25 291
692 983
112 179
590 706
213 756
331 482
745 994
201 867
325 408
569 768
351 811
34 646
243 719
74 947
17 413
126 319
208 883
464 580
397 526
714 876
131 555
478 599
323 496
326 996
469 550
346 830
520 717
263 832
571 948
147 620
54 429
152 735
435 794
622 886
112 784
286 671
18 856
34 83
366 556
591 674
154 673
66 789
360 741
362 558
609 664
177 512
195 566
263 966
239 343
422 730
348 515
554 849
315 338
130 787
245 508
405 497
214 929
148 346
454 618
25 212
197 467
746 911
28 631
4 45
451 505
55 239
25 333
596 859
375 860
241 631
581 965
287 518
223 991
110 296
454 860
588 860
8 56
78 465
135 770
31 124
544 645
217 287
4 408
620 640
322 983
399 412
561 999
508 584
16 647
857 997
97 720
391 709
193 199
234 991
652 750
432 481
462 589
314 425
847 925
291 478
243 666
12 245
310 841
392 651
166 833
106 553
675 710
568 584
694 723
652 992
187 892
127 612
135 207
52 438
406 670
230 710
469 726
474 841
615 780
59 599
413 831
575 600
360 446
98 446
516 959
352 972
589 656
580 836
239 506
496 842
31 513
724 965
261 975
61 392
505 554
136 162
20 216
566 914
26 411
153 452
271 858
109 567
95 632
678 687
86 812
103 227
452 869
226 563
289 353
261 520
100 868
117 283
158 809
180 568
106 353
129 751
623 993
678 700
361 764
33 935
426 866
651 984
318 515
595 823
259 874
54 176
196 525
509 756
104 936
562 996
543 754
532 595
31 84
154 649
833 937
198 426
268 670
610 636
6 670
548 724
707 717
344 665
430 705
110 498
523 896
27 729
90 785
599 662
414 882
142 423
223 496
770 894
314 385
268 912
235 735
166 901
564 947
187 960
179 547
129 201
2 914
241 378
532 850
494 558
17 670
89 509
317 373
202 571
600 617
42 555
281 571
373 574
321 384
76 287
301 671
433 561
776 900
456 693
211 633
260 754
273 464
424 862
157 518
382 636
509 677
299 867
841 921
265 990
194 292
4 168
542 975
330 567
36 120
151 824
352 585
351 626
293 944
764 795
342 577
359 746
386 583
606 623
99 297
343 923
305 631
409 459
231 830
638 696
168 252
407 534
393 636
300 408
35 891
618 983
870 938
326 811
226 873
190 950
174 188
592 701
228 653
76 555
435 609
622 701
11 776
355 586
48 843
298 725
513 650
196 714
319 784
52 440
179 481
217 773
381 615
362 373
40 322
413 833
594 844
139 974
21 430
130 602
407 910
107 389
156 739
241 325
375 554
163 900
281 626
83 153
87 797
269 508
31 865
380 790
166 272
190 629
52 695
709 965
137 739
445 626
25 40
771 796
642 911
880 968
24 983
244 986
25 390
697 968
31 878
829 858
372 390
93 938
521 863
153 467
759 920
19 881
623 766
141 763
361 766
617 692
290 297
548 592
400 465
64 479
163 229
44 766
25 524
412 933
255 986
400 815
4 586
23 599
641 648
439 928
310 777
120 653
529 592
446 823
316 713
233 944
176 181
33 132
236 720
230 417
109 356
413 767
363 946
591 773
742 942
819 933
263 715
221 718
307 492
793 880
751 883
80 678
728 899
165 264
194 965
82 495
422 829
155 485
301 539
293 449
163 834
886 963
8 960
457 557
561 614
122 981
323 971
357 555
240 973
4 962
348 735
191 788
67 264
894 945
913 958
536 971
226 257
121 729
79 503
315 450
185 340
181 635
528 679
404 909
109 732
350 794
649 861
616 684
113 329
753 918
211 635
602 907
260 877
741 921
603 987
336 872
778 988
201 455
324 525
112 117
12 933
208 579
631 682
309 402
54 112
248 651
349 703
374 467
453 531
219 364
632 762
590 765
72 839
419 654
446 757
64 426
330 811
280 990
51 901
219 714
398 716
580 693
272 348
444 832
428 824
395 418
151 960
457 478
627 926
464 639
423 601
101 550
1 612
340 832
763 935
64 439
435 840
402 434
557 722
166 837
548 902
446 891
210 614
435 961
281 494
675 835
81 96
292 545
61 612
277 910
496 954
21 432
375 435
415 507
679 782
703 910
438 612
295 563
74 335
187 212
431 572
774 911
227 284
120 158
484 849
533 741
582 862
771 798
769 954
254 279
327 757
48 295
460 505
148 647
25 513
390 934
467 629
338 744
57 465
636 815
106 357
78 524
79 116
23 709
840 968
83 760
451 927
31 75
187 588
574 997
32 714
126 312
150 706
680 871
105 411
476 812
643 989
58 70
89 137
214 317
0 65
46 181
18 607
391 889
100 188
215 663
116 132
121 476
71 655
814 928
673 952
328 954
782 895
501 882
50 946
91 718
289 962
738 825
335 849
770 777
244 667
235 618
399 726
466 487
809 826
253 379
285 331
142 548
615 960
532 962
672 713
187 964
80 801
33 726
126 688
57 854
198 793
184 895
148 218
524 963
137 325
16 264
353 852
609 778
572 667
363 493
389 896
76 170
105 908
448 981
162 624
368 729
46 678
473 745
304 973
753 799
598 925
614 906
177 868
875 910
185 463
685 786
938 966
210 227
151 586
338 678
54 919
2 234
287 632
15 173
89 876
438 801
190 699
176 801
83 573
317 511
88 688
126 943
10 997
266 694
623 702
342 689
460 681
386 466
690 877
96 404
46 812
151 828
137 930
118 422
90 589
650 926
120 468
37 699
634 689
188 343
303 589
335 541
136 826
351 751
189 423
18 541
45 415
262 938
762 995
261 713
439 985
268 837
174 421
94 428
351 993
253 421
24 369
459 526
207 719
114 262
157 898
284 710
522 767
673 899
735 996
125 249
930 942
355 711
593 768
257 553
149 498
709 835
5 224
87 788
72 399
806 889
283 848
396 496
44 273
412 440
279 850
29 150
177 802
361 394
459 673
156 864
467 497
109 789
324 448
274 856
29 271
48 284
438 964
152 341
126 877
514 730
261 513
291 392
253 810
294 582
156 877
145 459
324 690
30 243
838 911
750 798
152 354
446 572
284 510
454 692
481 529
255 977
112 403
310 647
475 980
585 623
294 824
280 926
454 813
333 752
338 867
442 695
689 801
101 136
381 419
372 865
335 717
351 698
423 537
180 816
634 757
569 776
425 768
717 876
482 484
110 612
471 591
407 835
222 789
178 194
702 874
20 22
121 599
295 486
5 387
73 558
152 851
12 319
485 768
401 774
132 320
155 489
100 553
136 210
223 852
512 726
102 333
148 449
98 857
203 910
132 441
216 849
142 671
357 559
134 258
853 911
19 685
795 906
437 444
547 841
628 914
287 621
292 965
268 342
102 575
107 690
454 505
417 852
530 729
12 803
287 742
22 996
204 744
226 624
42 803
231 473
652 732
251 388
671 745
57 522
258 283
115 234
502 643
276 337
223 999
116 873
509 804
211 881
426 806
252 653
527 592
636 764
735 743
138 524
872 977
657 823
186 420
170 183
240 656
262 940
652 866
270 764
858 934
770 821
30 553
126 490
296 938
48 836
359 994
97 957
633 708
399 541
261 836
176 240
761 893
758 824
923 928
474 836
100 595
12 253
347 472
80 616
30 795
253 544
74 313
337 952
596 654
463 539
501 831
886 901
144 264
63 312
293 737
95 264
485 944
124 147
32 329
279 960
119 742
213 606
774 902
336 676
88 611
382 563
887 964
155 557
609 727
87 93
166 386
181 923
363 442
247 496
390 804
362 971
85 168
29 273
616 743
289 348
421 504
491 977
507 692
470 810
64 122
124 402
118 358
21 920
282 695
177 938
15 122
8 348
954 980
85 531
236 471
208 638
1 308
349 762
21 933
258 351
115 531
386 765
116 941
353 588
14 893
191 297
397 631
641 762
166 883
147 375
78 541
333 767
71 767
20 950
6 786
95 306
427 779
57 724
198 663
48 904
20 842
147 617
21 249
628 661
17 544
605 943
94 727
649 720
837 956
381 676
105 778
17 894
196 896
311 846
359 365
107 558
406 854
846 897
159 196
334 722
702 889
567 664
88 666
514 545
87 966
688 846
69 279
27 282
794 949
123 515
145 274
310 341
576 726
460 551
171 448
468 671
385 636
39 642
600 975
56 582
405 736
83 685
685 790
556 905
336 636
518 613
336 986
27 416
481 586
71 459
81 881
39 884
6 478
248 994
41 701
239 945
242 691
583 755
660 975
85 478
153 878
428 817
1 484
395 411
914 976
175 758
175 529
450 468
419 889
501 699
91 535
817 935
140 656
79 417
666 887
80 497
869 923
538 594
156 263
53 256
172 207
217 889
165 433
141 261
800 836
323 911
670 726
716 842
77 855
204 438
80 631
66 733
600 788
853 968
42 726
28 562
415 971
551 603
368 667
239 745
75 795
171 503
234 788
239 866
477 923
71 272
255 847
351 555
457 981
358 450
440 519
266 632
25 277
122 358
479 861
61 873
658 863
148 761
569 754
434 566
241 696
678 697
652 681
41 756
252 939
85 533
954 982
527 649
425 638
731 910
189 361
88 989
209 461
360 364
640 647
939 980
736 880
91 361
388 813
11 597
43 549
332 423
626 641
587 649
7 74
399 598
333 998
321 944
52 490
673 837
598 663
221 713
298 896
12 310
213 300
751 878
622 993
165 488
230 654
395 721
381 786
480 765
12 431
111 144
66 896
248 378
602 647
332 786
253 493
155 601
149 557
651 660
71 85
466 843
287 383
765 910
589 950
181 630
192 496
114 576
296 324
287 733
359 609
311 861
553 623
470 625
417 964
732 975
47 872
267 912
215 456
352 690
156 815
482 985
595 862
567 800
166 456
616 921
468 794
294 641
476 618
30 531
85 238
512 985
565 811
0 810
41 582
808 983
99 523
195 231
150 983
2 590
38 284
115 467
576 862
100 115
127 706
165 998
624 758
168 478
302 478
233 644
483 755
754 760
124 593
72 137
130 344
508 704
736 827
290 481
160 896
3 424
163 413
624 771
186 774
346 763
635 637
84 534
122 789
666 889
306 317
61 257
281 489
164 907
33 424
505 648
18 789
20 81
228 784
264 441
424 430
649 777
165 435
390 782
193 682
619 790
388 894
115 735
104 317
744 906
651 715
381 854
21 548
105 956
77 857
85 977
211 564
381 975
494 623
364 513
195 970
357 739
576 783
29 156
350 965
54 859
136 632
230 267
116 690
795 978
5 822
110 121
173 406
477 817
310 640
787 979
592 740
449 691
657 869
25 629
439 912
19 60
411 584
576 917
433 868
171 868
78 640
422 450
190 881
61 996
119 183
325 517
96 694
96 465
300 460
645 872
227 884
464 568
1 312
496 520
317 814
905 984
710 745
522 923
541 936
775 874
401 404
167 237
318 635
323 484
109 232
61 191
525 820
73 430
17 764
3 600
397 756
649 711
406 495
612 829
464 702
717 882
790 835
283 775
406 845
332 667
304 834
18 965
59 774
114 444
397 998
779 834
154 782
167 721
506 675
621 662
786 958
596 834
427 796
581 711
199 380
75 610
603 958
457 675
429 842
69 270
98 971
74 385
146 490
151 339
51 401
431 622
306 627
278 565
228 973
658 786
809 955
98 863
145 157
463 961
563 670
282 391
236 396
351 383
141 802
264 872
639 786
570 915
759 851
179 801
555 563
118 525
301 912
180 622
438 917
28 753
102 702
831 848
41 692
214 354
530 856
260 995
359 974
243 533
165 879
27 649
844 908
605 626
379 808
269 936
782 932
188 459
114 244
840 910
94 531
16 877
312 646
69 888
284 813
614 688
330 929
578 765
30 667
79 300
442 877
115 482
906 981
565 947
256 835
311 542
495 888
233 888
682 714
88 241
635 639
43 727
60 142
698 924
189 552
271 591
235 668
694 953
320 483
619 779
545 601
272 708
566 889
1 622
431 435
204 658
10 563
266 489
142 719
427 851
270 904
350 604
598 854
359 545
625 664
140 915
382 677
217 317
67 558
249 269
106 220
61 743
644 798
382 798
421 497
285 636
76 462
494 746
884 901
741 852
70 684
92 443
116 800
129 510
354 857
244 985
588 795
320 980
172 816
570 862
528 865
132 636
12 985
664 911
89 939
312 688
840 844
335 820
729 747
192 808
209 452
227 765
460 973
6 537
553 935
372 631
449 814
118 943
715 933
319 704
80 193
490 707
516 881
240 717
367 758
86 250
158 355
196 647
495 943
341 476
714 987
277 720
222 784
235 723
578 833
223 605
28 366
2 902
60 89
161 895
684 707
224 951
96 951
259 420
142 774
49 546
235 736
210 908
158 489
223 618
37 199
402 849
591 785
112 787
55 216
294 498
454 487
34 315
58 672
424 729
24 795
294 619
197 686
188 903
408 906
389 664
144 567
180 261
139 223
658 788
78 213
212 442
415 801
762 845
159 552
43 111
437 681
877 953
236 398
260 755
34 449
460 786
639 788
124 571
253 981
10 994
242 334
627 670
595 866
581 968
14 820
652 848
489 561
472 917
305 511
260 997
277 412
485 563
22 307
555 807
863 923
522 859
164 885
571 751
731 740
428 702
288 399
513 517
0 935
110 541
590 885
120 936
524 531
469 595
548 888
290 364
119 482
205 522
532 651
265 536
8 651
90 949
316 888
517 878
373 604
271 593
615 891
288 533
141 254
350 364
79 544
579 830
386 960
353 783
663 945
445 493
524 786
510 888
197 391
356 384
130 603
280 547
505 894
104 550
271 727
389 948
642 899
117 260
72 517
223 915
264 687
17 29
371 786
766 790
274 853
554 907
358 443
51 700
164 348
727 956
947 959
4 332
157 574
88 740
124 397
284 386
196 273
416 505
8 222
319 572
338 622
79 102
34 625
240 464
102 988
36 405
168 295
632 924
893 965
227 875
516 749
64 359
449 695
435 760
182 351
118 824
902 906
65 180
356 652
562 757
188 516
256 650
223 473
54 408
724 876
278 301
333 991
580 639
165 360
645 768
133 822
419 950
77 661
696 935
214 666
112 655
253 365
906 930
240 840
207 663
372 996
691 712
262 306
248 371
365 956
781 871
234 244
758 887
193 849
39 382
612 954
490 964
252 274
480 892
182 969
584 949
354 672
734 893
173 331
54 905
472 664
341 854
643 896
454 731
753 798
89 983
259 677
240 398
388 498
68 816
23 521
100 216
500 860
233 745
370 750
10 178
595 868
106 411
138 629
9 744
416 573
101 188
54 342
240 761
768 917
177 183
132 935
439 863
175 753
312 758
303 938
246 404
845 992
418 925
344 710
75 293
283 471
383 409
448 767
411 885
101 430
395 648
78 941
78 712
317 994
311 654
520 764
552 716
423 831
436 541
72 493
405 410
481 957
599 949
318 936
46 477
120 951
193 675
191 831
208 246
140 785
156 500
629 949
114 503
366 724
173 265
100 726
158 667
130 834
567 835
778 789
470 673
597 714
542 549
271 729
197 514
458 555
15 214
259 611
468 950
616 848
506 976
762 902
436 917
752 894
174 917
260 920
549 794
540 974
273 630
176 963
42 734
588 907
375 799
222 291
287 686
328 458
226 676
947 961
44 635
227 756
521 974
152 353
680 738
102 761
124 520
69 813
789 910
173 641
329 925
188 397
405 920
99 813
283 405
462 636
337 870
411 590
101 364
220 995
467 872
120 764
436 475
749 935
91 706
779 814
168 431
508 765
327 424
184 641
101 606
482 483
647 816
118 960
374 886
131 899
673 953
506 547
354 419
689 934
334 706
265 606
691 943
839 878
179 539
198 552
247 414
49 429
45 724
609 766
513 829
182 958
89 730
341 722
179 660
244 789
478 727
320 784
198 794
154 199
169 736
600 959
530 607
460 777
102 803
321 618
51 757
32 515
257 862
324 623
57 279
310 459
241 625
606 723
205 379
132 803
285 816
136 693
115 341
276 444
207 344
178 811
68 939
365 637
447 972
235 527
59 567
127 701
206 994
209 282
338 921
126 476
492 570
50 639
215 935
242 809
457 468
151 950
909 979
105 696
798 919
346 758
341 414
450 586
66 825
448 661
258 766
175 768
257 312
601 876
413 825
241 304
196 827
292 764
199 307
369 718
107 718
556 581
542 646
220 366
514 584
5 212
579 713
238 420
202 497
637 654
389 589
193 677
977 988
788 823
287 541
526 823
619 785
262 484
148 382
155 543
573 790
254 256
419 552
123 675
431 791
49 497
408 844
573 911
396 726
382 791
371 898
68 631
417 785
315 508
394 801
172 688
262 618
79 911
817 840
123 688
439 665
155 906
389 844
218 925
39 465
97 635
100 152
74 917
643 845
57 226
174 222
643 966
407 460
319 576
43 412
318 388
254 632
518 907
234 919
503 518
117 748
203 522
675 746
210 646
67 109
62 933
332 528
318 630
65 184
189 479
395 813
166 990
55 893
251 576
25 758
833 931
610 859
223 369
902 923
203 885
103 718
175 823
390 711
384 408
207 775
59 648
790 830
292 590
295 595
93 609
528 537
695 714
684 821
123 488
642 824
62 249
232 660
223 840
176 765
589 934
267 883
415 781
609 768
230 893
408 899
282 494
56 676
556 999
97 219
327 681
945 959
177 858
466 732
433 555
101 984
352 566
11 273
334 963
664 838
428 561
59 206
850 964
239 810
280 848
664 959
10 169
20 628
111 746
9 735
64 176
456 929
549 864
304 508
101 179
111 867
537 746
0 807
346 626
62 867
502 644
101 300
699 929
305 975
819 967
98 416
782 819
427 591
377 999
265 529
726 924
393 980
121 521
511 706
925 989
376 518
389 457
94 539
258 647
505 524
785 807
215 950
302 838
429 650
0 244
371 645
563 586
174 545
17 827
506 954
151 497
238 422
324 425
114 615
554 658
581 761
897 997
630 653
399 905
70 437
396 607
473 790
472 831
637 898
92 317
732 906
382 793
487 846
662 847
706 890
52 100
637 790
366 970
6 398
105 148
91 213
5 698
514 841
247 726
539 605
57 336
175 328
562 737
529 560
147 229
74 919
17 385
308 857
11 341
549 919
507 922
42 859
83 631
826 904
174 224
528 981
22 355
75 218
641 858
71 742
200 627
33 221
323 468
14 881
94 581
140 468
300 457
566 576
259 281
569 995
580 861
34 873
304 468
942 984
77 425
471 581
484 520
695 703
404 527
268 895
689 925
339 775
242 879
404 648
712 764
20 951
758 880
260 603
480 643
686 711
705 761
149 543
506 780
93 382
693 872
473 603
175 946
380 826
311 726
493 703
820 832
519 840
581 708
667 711
655 657
704 778
468 767
343 772
128 847
67 608
141 557
39 509
507 614
49 675
646 665
306 974
336 853
764 778
53 686
364 928
45 165
129 802
583 743
877 961
242 679
186 518
260 992
731 843
750 856
956 961
636 754
235 410
548 641
18 412
381 464
311 405
847 910
81 882
342 923
502 875
120 581
307 636
408 459
366 462
443 453
35 887
24 469
263 751
684 744
34 110
8 875
476 980
797 806
415 475
258 757
511 708
906 978
114 483
482 650
600 642
420 711
673 891
5 432
670 822
513 875
224 772
251 875
438 701
314 894
797 819
244 835
32 198
703 891
471 999
273 489
600 655
61 606
580 942
193 910
315 607
475 596
980 997
584 768
262 488
597 707
487 835
165 784
506 848
588 658
54 953
30 101
39 564
18 212
267 953
286 966
542 663
17 24
333 489
44 386
519 679
539 594
389 835
62 440
53 620
303 502
66 266
342 844
213 730
414 720
37 733
455 492
47 926
205 317
281 864
836 857
434 554
26 988
359 905
152 575
413 616
231 639
432 629
108 276
126 293
823 901
69 698
3 344
816 861
85 413
41 757
117 981
52 357
253 347
83 875
50 698
399 586
402 591
728 761
698 855
466 468
330 873
117 994
207 887
269 304
386 889
513 701
175 827
161 892
818 933
342 415
466 710
254 302
237 658
42 648
612 949
447 589
209 946
317 479
231 439
588 713
63 828
579 893
155 831
100 895
642 949
12 782
204 723
639 651
649 844
129 549
151 567
118 390
412 608
140 149
651 890
238 721
255 890
672 949
262 785
372 428
704 901
220 559
147 983
172 747
58 911
259 901
4 382
41 678
261 681
24 216
664 842
356 689
221 272
386 568
914 953
253 978
541 627
750 966
518 845
108 452
85 468
362 453
345 809
325 571
291 694
7 935
928 985
735 856
568 679
177 528
443 684
181 418
714 918
593 628
92 871
807 816
245 295
640 824
313 466
463 639
124 944
443 697
575 816
396 585
575 587
184 702
43 726
29 828
478 654
601 990
499 713
120 128
149 829
281 490
607 889
65 606
477 550
769 924
246 654
526 937
806 991
498 609
41 141
843 994
111 550
479 717
264 792
132 609
250 372
315 730
320 845
29 144
583 666
577 851
875 959
59 373
97 399
242 494
127 278
500 789
472 956
527 626
250 614
425 615
653 967
353 446
36 510
905 959
382 918
75 209
687 736
866 967
425 736
194 574
92 563
336 923
124 515
93 936
25 738
159 738
233 687
273 988
340 749
202 290
95 164
251 448
416 744
75 451
448 696
525 916
645 752
590 816
717 857
290 524
64 706
91 580
346 806
332 642
404 518
255 395
12 408
149 642
170 701
115 765
693 742
299 586
192 231
15 598
82 359
485 749
158 354
429 817
200 994
14 80
332 884
598 774
109 354
95 419
360 838
235 843
35 489
904 938
150 247
114 553
790 836
661 951
100 655
92 242
283 776
368 820
827 876
62 255
208 309
75 719
10 738
211 728
123 615
172 507
856 880
686 728
129 551
46 782
158 959
636 732
386 557
13 497
390 972
541 616
249 444
326 664
212 562
196 554
757 850
349 796
659 729
731 834
184 207
199 973
82 159
657 804
476 729
113 677
495 742
550 678
431 986
16 744
172 991
194 521
496 563
367 449
40 54
69 755
25 685
71 572
420 460
152 645
274 342
270 866
738 971
527 936
324 873
74 173
84 632
450 460
413 807
91 756
256 823
322 396
286 702
166 822
133 645
205 750
241 407
84 874
48 951
772 982
353 769
265 656
545 939
80 839
464 987
216 885
758 939
145 187
716 942
245 310
157 197
313 710
695 775
307 895
922 939
39 326
368 767
266 719
13 310
151 503
266 490
35 557
829 832
120 143
130 831
314 911
616 953
31 34
179 952
555 714
151 624
132 382
481 499
333 372
123 562
558 719
48 388
53 503
143 396
233 555
590 792
495 676
194 684
139 748
428 622
465 918
279 499
565 627
14 753
94 453
333 506
200 620
359 909
101 119
128 222
292 330
166 864
224 576
397 504
259 274
121 340
847 969
112 520
464 679
235 590
119 644
499 636
37 53
167 577
525 810
772 916
612 698
1 544
49 292
524 585
240 826
890 908
348 588
320 526
705 862
608 700
151 424
202 655
125 408
126 552
392 937
156 660
334 932
313 765
390 948
500 591
202 897
384 416
205 939
683 712
399 953
493 817
273 319
56 550
663 999
429 832
449 481
55 96
53 437
653 661
551 650
679 835
114 797
683 954
24 86
235 269
345 437
410 795
382 962
256 328
459 953
625 841
224 268
113 666
10 982
789 949
310 456
230 433
801 959
147 169
174 272
119 336
919 951
467 790
80 344
236 857
48 806
128 277
345 800
740 804
113 908
531 667
495 973
300 505
115 459
629 680
606 962
284 911
96 631
352 816
365 755
791 863
703 750
231 940
619 756
605 629
25 808
352 937
203 814
124 935
614 799
385 417
21 177
413 930
283 820
138 173
594 941
181 543
700 879
42 586
264 433
214 841
318 935
771 880
342 474
214 962
147 908
361 608
792 831
107 728
643 708
71 253
125 718
671 891
200 259
153 672
101 216
223 916
873 998
551 718
93 806
82 913
238 901
84 434
455 606
875 963
708 786
754 902
14 863
437 737
616 968
440 742
71 616
170 329
232 978
180 788
20 799
328 686
455 727
634 958
386 627
22 350
99 570
882 979
276 388
270 802
12 49
330 853
393 909
300 681
112 630
529 689
231 995
583 925
438 507
770 980
462 864
121 342
15 589
427 762
397 856
306 472
75 576
814 915
122 836
230 635
109 345
471 697
374 764
318 869
524 937
276 872
703 939
269 418
521 639
196 879
686 706
204 703
374 885
693 867
8 10
491 652
362 767
381 780
675 998
477 488
339 783
484 878
640 896
514 528
21 595
485 995
593 942
414 647
722 763
567 889
204 837
18 152
190 673
52 968
253 958
449 604
528 897
51 743
410 797
151 802
604 784
413 435
358 499
374 443
52 163
342 905
391 797
330 787
260 987
342 797
92 851
872 962
531 669
168 580
696 736
164 875
117 800
406 637
342 918
268 703
471 739
289 762
944 959
457 575
319 870
267 451
332 580
356 937
202 470
205 512
559 744
158 400
490 644
272 916
689 975
17 811
28 182
860 978
65 478
337 937
211 532
44 126
81 422
125 236
302 835
52 889
579 820
450 935
384 581
361 368
493 753
201 352
82 660
141 486
655 936
94 899
336 661
13 422
632 659
175 191
359 766
451 769
284 363
437 605
514 825
137 838
27 212
885 997
357 612
310 500
7 728
917 949
609 833
119 151
316 436
641 721
871 954
375 787
342 839
230 369
103 328
686 908
317 782
0 846
523 621
219 624
384 957
117 613
139 860
617 670
395 557
101 110
428 855
419 806
78 742
196 734
184 616
115 516
450 506
191 282
523 755
724 745
591 630
492 624
244 522
59 513
26 70
311 468
149 635
244 414
309 809
617 925
758 864
515 877
582 638
91 815
246 460
177 589
41 994
140 707
406 597
78 997
559 812
28 358
547 923
535 576
512 821
21 476
18 141
28 600
385 608
780 878
236 485
117 305
516 539
433 770
322 939
336 608
597 649
113 307
868 883
118 385
486 552
637 721
664 824
727 880
190 904
176 777
157 498
831 937
690 732
170 962
30 393
155 839
62 611
86 968
328 730
207 211
88 785
437 902
308 788
36 329
622 655
431 858
375 963
331 627
570 909
784 838
627 891
634 786
531 550
731 840
249 571
106 751
92 624
553 982
86 284
233 977
121 507
715 751
324 866
268 705
432 813
559 854
418 915
495 869
761 988
709 798
203 697
419 995
515 703
399 757
173 939
503 585
200 813
613 982
71 928
308 346
344 942
619 881
8 993
603 644
198 824
904 986
491 588
936 975
53 362
138 177
575 932
5 321
887 938
17 826
414 462
517 883
331 427
391 478
778 887
577 604
405 763
83 483
487 832
454 655
384 596
144 614
455 476
419 553
685 938
50 198
270 430
500 892
156 853
170 199
20 669
46 843
435 618
431 913
98 215
460 833
205 314
798 949
569 860
383 441
75 96
35 926
761 801
810 959
488 908
21 210
486 983
272 502
276 621
223 465
25 746
300 685
117 978
346 572
700 804
376 680
531 968
687 986
594 758
520 580
24 642
60 299
698 852
108 986
526 745
424 468
200 989
373 651
524 820
290 653
725 810
436 707
141 530
86 594
628 648
88 411
343 637
656 868
711 767
320 882
256 897
92 237
517 938
300 940
126 787
74 597
324 479
521 535
165 607
600 949
248 726
500 718
145 490
305 479
1 216
133 372
9 602
352 675
379 549
384 893
558 780
819 821
277 501
175 490
326 659
768 775
652 829
289 740
578 614
421 667
734 898
252 629
497 662
213 903
409 549
617 727
548 856
437 796
690 976
173 686
467 904
2 804
15 514
199 860
496 558
565 917
316 856
57 632
84 506
502 982
502 753
796 971
147 525
69 871
275 976
723 843
346 856
98 525
299 515
226 976
17 573
638 920
219 936
682 697
594 813
272 799
332 813
514 561
371 512
123 410
182 761
806 854
228 877
313 692
48 946
832 991
521 577
490 998
677 861
9 402
489 810
126 721
142 702
744 999
521 698
92 292
350 587
603 767
429 880
271 937
87 887
778 889
50 187
313 826
459 880
706 757
676 999
734 940
169 673
207 376
699 838
810 827
667 778
111 560
330 604
687 841
319 445
365 561
87 324
133 440
437 851
346 440
141 156
221 566
207 631
119 518
740 865
86 112
350 387
489 731
184 620
395 803
376 561
53 285
536 927
223 467
715 929
346 803
19 179
566 577
505 567
133 924
807 868
130 626
316 816
42 513
598 650
133 816
413 870
12 526
394 591
39 134
401 752
129 293
14 77
63 464
376 924
118 134
491 645
688 930
572 755
437 530
561 596
299 596
598 892
202 663
152 253
561 717
41 422
10 843
315 661
466 830
262 771
556 989
611 659
468 876
561 838
676 825
13 481
560 879
486 664
117 309
461 836
562 659
947 995
350 776
551 766
93 854
641 659
118 618
217 368
84 253
331 618
157 731
60 798
574 790
632 960
30 397
458 844
444 909
659 834
301 897
645 670
884 952
180 836
115 212
328 734
39 631
815 852
226 723
102 916
465 739
451 841
194 626
419 973
127 801
710 893
116 154
360 514
119 344
124 688
110 524
383 390
113 916
33 398
217 744
593 735
221 863
457 581
176 339
491 579
90 235
288 516
482 759
67 517
341 756
732 762
350 468
102 366
363 407
695 880
338 579
164 426
100 936
12 823
447 751
553 652
214 957
593 990
290 952
362 828
21 764
348 664
683 883
320 831
301 589
342 590
9 417
275 536
260 901
497 585
562 714
551 592
354 950
60 503
99 431
475 718
181 914
143 393
486 961
131 504
273 853
102 971
281 973
64 221
179 962
442 783
304 324
578 792
420 620
286 391
117 619
29 735
277 571
67 209
657 977
108 506
144 163
204 214
335 697
352 866
462 630
459 561
273 290
448 816
415 639
193 711
911 964
489 975
165 477
247 287
739 978
40 482
348 598
7 305
237 996
190 426
317 467
486 653
684 934
1 904
171 534
135 840
190 547
113 529
128 837
766 828
771 943
260 727
512 948
78 198
509 650
49 894
581 940
161 317
217 599
678 957
287 843
194 615
261 790
729 895
176 194
467 666
365 618
52 158
805 890
590 965
538 546
837 842
326 663
188 433
73 446
303 679
638 669
131 572
629 785
397 664
388 844
486 921
52 400
525 849
538 788
268 927
115 456
562 916
529 739
386 919
675 793
36 927
275 980
705 793
130 562
594 696
29 924
392 747
337 811
40 524
125 339
323 997
104 172
207 822
296 342
334 634
382 651
542 640
41 358
794 861
477 659
158 879
350 591
267 822
470 656
335 431
181 903
809 997
50 191
509 705
555 821
579 949
407 428
226 538
674 893
296 718
823 878
586 965
83 839
652 767
251 423
321 667
71 492
199 906
534 896
377 912
110 568
27 799
495 675
319 678
145 791
35 919
93 106
313 375
511 619
870 966
275 793
75 439
149 159
407 683
199 919
128 450
99 917
71 855
318 732
82 455
137 162
466 566
449 922
825 913
457 517
61 288
281 520
0 278
318 853
82 576
472 502
138 922
790 811
42 396
511 874
170 581
182 820
125 286
209 923
619 821
262 520
220 523
27 128
417 579
642 926
554 813
116 587
341 934
794 916
99 125
329 587
172 603
166 300
155 821
135 842
78 308
542 708
607 837
711 894
348 842
683 832
340 429
166 313
873 929
892 942
229 598
206 614
664 940
301 888
581 942
181 971
104 724
307 494
606 827
407 617
361 915
20 851
419 856
331 972
52 281
444 805
299 387
54 327
193 634
661 739
573 626
605 615
696 962
608 849
272 671
238 269
226 969
432 808
306 403
550 800
673 870
263 972
109 505
73 582
432 929
793 908
677 962
107 351
382 519
645 929
607 637
698 792
44 231
274 693
163 862
28 408
304 757
642 981
567 578
383 757
218 424
195 706
181 771
201 457
621 814
101 778
307 883
398 476
615 999
384 578
174 768
586 712
281 601
883 935
901 989
684 991
54 824
31 840
658 938
207 248
556 927
113 357
521 825
634 702
455 471
437 602
41 602
523 605
126 151
595 895
171 833
212 605
386 492
311 318
20 556
78 497
265 323
430 656
220 846
247 949
297 312
696 775
508 724
678 906
629 721
565 965
132 854
80 398
118 690
300 438
370 911
656 716
331 919
124 855
394 450
113 962
266 975
209 441
144 167
327 517
43 758
953 979
307 804
347 388
751 966
314 699
682 866
687 981
0 280
84 917
607 692
240 935
149 524
374 871
855 915
318 976
327 530
82 470
431 587
408 640
672 686
19 535
375 584
359 576
89 715
112 884
280 697
467 523
54 879
236 361
191 884
72 667
253 715
456 549
285 667
183 885
419 603
92 245
726 760
234 823
430 469
255 882
136 665
678 719
375 947
576 708
218 963
441 483
465 840
312 369
570 893
451 942
253 957
275 716
674 721
233 719
200 542
48 444
36 555
835 945
613 832
95 906
272 310
1 453
142 200
565 791
51 984
440 796
541 848
486 912
398 799
7 914
428 907
837 846
335 864
70 152
715 856
761 972
736 915
145 861
520 738
179 445
266 333
268 931
166 920
73 463
666 977
246 391
707 749
523 928
223 636
696 856
525 974
299 631
426 443
617 977
408 574
260 410
53 346
655 680
237 692
438 453
448 875
874 983
411 993
137 461
276 805
119 821
213 456
800 926
459 633
151 480
651 803
205 982
275 408
519 768
25 233
471 993
732 997
759 871
123 660
26 727
843 986
48 257
144 719
87 185
135 899
95 719
67 886
590 661
240 319
391 717
127 378
192 773
766 779
58 958
87 198
474 607
88 837
437 954
872 882
891 895
35 910
181 210
664 889
634 946
276 484
166 612
9 894
523 849
366 377
135 215
324 905
85 394
208 730
576 897
538 605
97 633
317 902
413 610
220 969
27 803
340 741
4 792
422 551
67 323
779 788
949 970
627 956
167 446
395 798
279 852
174 570
536 922
18 932
359 444
121 801
112 981
401 626
159 275
106 937
744 928
320 637
163 919
39 358
186 822
781 968
318 978
91 935
245 584
74 473
332 997
93 486
684 927
596 814
16 239
458 584
540 653
0 645
146 699
225 992
170 827
233 358
362 997
790 949
260 720
311 951
419 713
773 982
671 705
5 615
99 479
398 546
544 600
502 603
199 831
840 864
28 720
162 720
220 890
643 993
55 328
588 828
209 243
343 997
208 543
755 941
175 366
37 661
240 495
138 713
27 616
219 557
153 728
96 608
47 157
777 942
340 675
565 793
726 896
531 657
397 428
383 493
30 634
217 726
566 614
497 780
381 568
647 953
164 984
219 691
654 848
101 406
215 922
75 390
25 798
737 738
594 689
566 856
395 974
284 914
96 863
177 522
23 55
943 964
106 992
610 791
596 856
95 345
81 181
266 577
804 926
672 972
107 705
478 877
299 646
266 469
44 356
579 700
788 810
603 993
295 877
679 759
136 480
576 752
447 638
600 880
286 949
68 726
145 421
755 875
636 658
138 418
418 701
77 142
421 477
236 660
351 647
829 945
385 904
362 368
534 889
565 956
410 853
196 601
333 835
893 943
24 265
273 969
446 668
96 784
599 617
175 784
598 621
559 666
196 614
251 550
90 861
313 610
552 626
286 628
483 913
32 223
49 392
730 790
312 802
620 918
335 934
382 457
98 698
452 637
462 867
52 703
695 809
65 642
170 695
25 48
744 930
348 701
62 344
427 765
767 806
426 513
153 583
157 244
468 860
65 884
247 403
343 865
183 647
169 712
320 881
447 693
218 833
401 991
234 585
46 763
577 658
623 774
262 768
473 951
734 992
16 712
16 483
216 248
856 874
840 866
410 787
321 715
273 903
378 956
20 494
518 707
187 607
173 672
453 726
35 738
182 613
168 449
318 659
626 775
340 677
23 970
212 677
611 911
223 277
209 379
219 801
742 842
547 603
865 949
166 911
212 798
20 39
3 395
443 667
383 387
448 745
95 334
260 401
344 809
359 380
140 750
236 983
695 743
309 973
703 863
40 519
386 927
52 758
492 801
313 570
483 981
772 855
155 627
403 463
554 632
774 864
20 173
259 455
369 815
228 876
487 578
577 700
549 638
375 522
688 982
655 805
278 589
195 820
28 414
322 632
93 772
202 715
496 933
329 756
34 579
17 935
91 884
177 887
466 761
88 815
181 777
196 348
46 818
560 810
183 823
250 584
356 485
908 998
231 719
220 597
370 541
411 542
741 942
110 321
583 770
550 593
156 962
282 778
708 886
22 329
151 968
35 793
218 914
565 958
501 714
335 910
233 670
66 493
120 729
441 784
279 493
430 662
176 257
434 781
594 733
269 973
175 786
73 509
188 496
515 625
100 383
435 861
682 738
305 788
654 905
413 964
339 749
72 405
258 797
188 738
114 294
149 746
264 467
355 622
146 448
109 566
155 682
348 582
122 239
84 923
588 685
227 413
655 860
600 924
278 644
317 572
552 883
109 579
688 929
621 875
725 932
366 999
875 876
534 583
713 814
138 354
88 762
753 886
219 427
475 878
208 534
153 598
120 421
653 655
140 255
623 897
10 145
516 542
722 876
460 647
680 879
363 943
462 656
118 617
257 961
198 317
54 80
742 831
571 720
464 594
469 672
226 951
348 382
21 24
105 661
69 967
301 307
28 966
499 551
578 844
490 731
434 607
12 325
252 980
195 446
11 625
186 626
57 741
571 962
191 677
388 962
314 747
608 965
314 518
267 443
487 675
299 395
142 677
362 451
573 863
668 908
14 347
635 731
74 398
874 976
417 737
235 760
128 634
615 981
716 804
65 699
13 280
436 871
642 976
12 809
306 532
245 522
253 642
790 995
437 584
965 969
478 881
136 363
262 704
468 809
813 992
664 869
6 374
171 707
873 979
965 982
799 949
217 530
186 197
516 597
658 946
64 436
583 772
140 431
324 777
605 652
145 667
544 901
272 479
241 900
647 770
344 732
297 657
61 151
613 893
35 916
404 490
332 735
148 160
824 968
100 385
77 630
108 734
491 620
343 493
274 393
90 986
561 571
166 981
35 232
260 579
622 968
2 994
382 461
184 742
373 641
63 681
533 630
813 913
161 758
381 761
255 622
2 176
117 163
213 396
366 638
719 756
245 348
23 235
238 574
205 922
595 811
512 813
369 993
82 707
752 916
296 636
167 936
514 980
7 654
820 942
553 827
73 190
437 652
822 988
697 993
101 144
479 770
454 942
803 830
462 537
481 550
868 996
159 536
761 833
214 435
286 311
309 709
304 365
842 943
188 419
988 997
625 945
33 252
423 437
63 131
464 475
345 783
133 375
224 722
160 737
495 727
94 383
16 729
253 376
115 442
166 902
633 782
435 797
360 623
131 800
222 689
524 731
463 492
8 851
3 507
869 887
14 107
23 866
108 910
177 515
70 389
41 102
376 617
68 464
779 970
89 523
217 974
661 870
153 171
206 411
403 467
661 991
655 917
199 408
773 909
410 591
607 876
241 526
275 524
643 691
577 596
136 365
537 645
129 591
810 925
139 720
87 301
340 481
157 545
537 766
965 984
228 425
147 207
228 317
90 612
2 499
475 948
425 602
332 374
243 790
124 610
592 715
55 739
946 947
58 256
214 503
543 715
345 959
161 384
5 221
400 787
615 675
152 685
416 731
402 567
350 377
525 903
585 954
526 724
27 811
47 460
132 275
371 557
216 683
469 863
804 853
174 686
348 573
174 457
554 678
110 930
605 909
547 904
13 216
579 627
307 922
133 806
683 684
394 581
545 750
586 751
140 930
167 804
332 871
10 591
557 989
716 982
273 412
359 452
603 812
110 125
454 460
30 361
24 58
683 926
139 533
278 877
567 751
484 982
465 703
778 934
627 738
291 294
2 191
268 310
54 58
773 977
671 700
182 243
185 662
653 767
111 484
474 536
597 872
159 646
150 826
458 713
241 944
669 896
125 769
708 824
138 708
632 950
150 947
558 772
65 85
395 485
666 719
489 534
618 944
504 778
113 893
144 206
490 614
511 673
423 560
386 907
17 552
41 909
20 971
82 388
271 324
100 442
191 560
52 630
360 746
804 908
183 332
48 107
433 443
116 507
66 686
346 740
610 786
771 852
100 684
45 748
821 969
56 348
78 107
396 453
593 738
378 520
570 690
129 459
670 813
433 577
61 705
437 467
533 929
10 888
123 765
651 921
389 921
549 873
356 478
347 695
148 714
81 660
466 996
83 706
23 426
391 593
470 886
447 875
298 486
38 303
483 653
199 894
259 945
345 948
226 768
185 730
383 422
407 779
82 201
689 879
216 430
465 905
754 779
148 969
127 846
99 784
511 728
130 255
37 966
596 664
504 846
228 911
434 787
234 433
566 677
478 793
596 785
670 734
615 798
329 441
3 685
517 906
691 793
448 806
355 615
192 328
2 167
661 806
158 451
232 400
311 693
56 403
723 903
887 974
30 121
535 788
67 454
39 355
378 575
258 924
114 650
688 922
691 927
176 747
603 814
206 360
150 465
348 709
595 815
347 750
488 689
727 742
553 818
245 473
327 771
21 930
398 422
236 360
218 720
363 586
421 756
25 527
54 999
689 692
138 589
22 148
238 941
835 931
62 715
48 780
636 721
307 482
59 417
231 672
951 998
714 762
268 675
823 934
152 500
261 672
136 906
617 950
185 798
18 621
224 726
298 675
105 546
641 785
66 554
360 506
203 559
170 382
380 606
605 953
770 791
83 90
621 668
120 911
389 547
224 968
279 675
545 794
176 668
809 840
304 853
32 165
105 909
81 286
779 853
591 802
43 933
148 232
238 391
283 807
47 530
377 405
748 843
440 461
477 757
783 800
31 936
158 748
572 802
649 985
456 590
10 998
901 977
25 340
560 684
904 982
117 343
540 705
207 236
424 759
836 932
440 474
197 716
711 937
637 759
487 936
762 875
454 759
407 418
632 765
255 815
139 603
205 405
143 722
71 590
305 528
26 847
391 945
432 488
299 309
330 827
127 727
638 714
674 896
16 896
568 591
518 999
583 899
33 203
2 853
189 450
343 365
288 429
100 378
485 714
108 727
27 802
624 792
94 563
591 844
195 615
580 722
136 974
800 954
189 800
165 214
216 674
54 612
257 446
86 564
83 266
74 217
368 435
478 566
557 859
54 504
499 854
143 990
774 793
101 700
155 448
301 502
399 808
278 747
498 750
23 228
314 700
391 395
396 510
93 472
5 588
29 982
496 862
329 456
206 470
244 762
202 765
164 473
38 105
2 182
9 572
83 521
79 816
321 578
123 822
147 950
212 527
60 658
294 596
495 586
137 878
18 368
565 766
570 881
646 876
103 597
98 253
196 532
118 612
780 997
208 771
153 835
250 889
731 933
275 838
96 607
131 793
351 833
43 680
263 720
854 895
163 718
633 667
443 543
107 328
267 317
217 725
46 89
16 146
267 667
700 963
404 672
13 33
408 562
39 170
536 976
135 403
506 804
32 167
785 899
344 927
773 781
9 385
341 858
262 336
500 622
832 866
862 974
718 737
9 277
88 570
374 927
406 879
533 691
579 807
21 745
436 758
150 401
153 406
350 691
124 348
19 820
468 683
215 466
63 863
324 638
183 699
122 423
204 758
639 686
533 933
426 807
260 774
479 818
861 883
504 582
330 466
233 762
329 995
669 834
279 356
64 431
149 246
558 939
401 467
577 952
184 469
26 849
184 240
694 719
88 946
205 299
740 835
67 69
96 770
132 952
228 431
219 611
733 832
337 832
43 614
194 783
422 647
326 710
464 765
510 652
229 898
825 892
608 894
145 904
250 957
673 794
65 386
83 965
25 960
