# Network with 100 nodes and 300 edges
# Format: source_node target_node
53 69
24 33
25 32
44 45
7 26
54 77
30 55
19 64
47 80
38 44
20 38
22 35
0 69
12 89
0 14
2 11
48 54
4 39
61 91
3 49
6 66
6 11
15 78
18 74
71 86
13 44
1 42
30 57
53 89
9 56
64 98
20 95
6 41
5 21
5 76
38 46
46 59
38 78
13 65
4 96
24 74
23 54
75 92
10 29
27 45
96 99
26 80
56 60
73 76
26 89
34 78
70 77
40 91
25 54
11 55
3 72
3 17
15 46
40 45
69 81
14 90
67 93
3 90
24 58
0 73
41 83
40 63
75 85
23 47
8 25
43 89
71 72
36 50
43 98
0 30
81 82
1 83
0 94
13 94
19 52
63 86
54 83
11 57
22 32
48 51
28 82
20 99
29 47
51 77
67 95
52 76
83 91
33 72
70 91
15 66
32 82
43 83
10 15
50 97
8 27
32 91
10 33
10 97
45 64
25 40
10 51
2 56
61 72
26 59
49 70
42 86
34 48
35 80
24 25
1 23
2 22
34 57
10 35
2 86
81 86
36 63
25 97
11 43
30 56
62 91
51 54
11 52
6 31
37 80
22 91
72 95
4 86
66 70
12 99
55 97
41 80
10 83
2 79
2 24
62 75
0 36
5 50
74 92
37 64
28 61
45 77
54 89
5 13
6 97
60 77
50 85
19 79
48 60
2 72
8 88
18 68
33 87
12 59
20 62
45 61
30 51
22 68
24 32
29 83
43 45
60 61
15 93
18 25
52 57
32 54
21 33
23 30
6 44
60 79
21 97
80 82
24 59
4 90
34 36
48 62
76 78
25 76
53 58
35 77
45 54
1 84
23 51
50 96
17 47
76 96
63 78
23 69
13 98
24 43
4 19
53 88
52 68
32 65
26 49
10 62
35 61
67 96
25 60
34 93
59 92
24 70
44 82
9 82
10 80
57 67
54 59
5 38
2 21
25 87
43 86
28 49
4 49
76 98
38 72
3 59
68 94
4 58
72 76
9 54
23 80
64 81
26 42
86 93
16 41
87 92
61 73
80 86
7 47
10 64
89 98
18 47
16 59
59 94
9 75
66 72
49 74
9 38
54 70
22 65
37 54
21 67
43 97
13 20
12 73
6 87
24 38
58 70
7 31
33 50
21 30
7 40
39 93
0 1
33 68
22 95
45 97
34 97
0 74
23 39
9 22
65 75
11 83
37 47
85 96
6 71
24 31
25 30
1 93
16 27
27 57
25 94
44 98
35 49
8 62
20 27
22 24
63 96
5 72
17 74
46 55
35 58
37 86
1 56
66 67
8 80
11 76
49 60
32 74
23 41
19 89
76 77
14 38
14 47
49 78
32 92
